1 0.494798 0.527762 0.366076 0.373723 
0 0.870964 0.059410 0.210421 0.117383 
0 0.914644 0.151828 0.170712 0.219194 
0 0.968933 0.357331 0.062135 0.186750 
0 0.882202 0.272929 0.193576 0.230479 
0 0.671346 0.186892 0.209319 0.225694 
0 0.668162 0.088386 0.192950 0.165800 
0 0.518517 0.042215 0.221197 0.084429 
0 0.270912 0.050502 0.226034 0.101004 
0 0.392606 0.138795 0.196335 0.183211 
0 0.457748 0.231081 0.197960 0.176609 
0 0.061941 0.042611 0.123881 0.083953 
0 0.119483 0.242042 0.158540 0.210137 
0 0.199216 0.211788 0.164353 0.199580 
0 0.203111 0.408988 0.125843 0.168335 
0 0.120354 0.441370 0.169983 0.182879 
0 0.835673 0.519197 0.199136 0.248590 
0 0.975056 0.743420 0.049888 0.163335 
0 0.906457 0.893742 0.187086 0.181292 
0 0.822999 0.916676 0.202624 0.157125 
0 0.687697 0.865156 0.220245 0.219330 
0 0.513045 0.870738 0.206649 0.184289 
0 0.035014 0.201837 0.062373 0.149561 
0 0.385645 0.889085 0.203833 0.202792 
0 0.278370 0.839185 0.209268 0.231250 
0 0.230266 0.699258 0.190639 0.215118 
0 0.128039 0.644237 0.157293 0.193580 
0 0.076150 0.631840 0.152236 0.196905 
0 0.061268 0.845124 0.122536 0.191031 
0 0.155317 0.975390 0.193800 0.049220 
0 0.733538 0.738205 0.186524 0.206186 
