1 0.346378 0.557687 0.448143 0.413333 
0 0.893456 0.177983 0.213089 0.261650 
0 0.520630 0.176228 0.267193 0.267995 
0 0.170501 0.111340 0.273697 0.217346 
0 0.185467 0.269066 0.257029 0.201375 
0 0.597451 0.356344 0.224147 0.178420 
0 0.807967 0.426868 0.208052 0.222319 
0 0.952375 0.512815 0.095250 0.219147 
0 0.896140 0.653524 0.207720 0.200700 
0 0.592640 0.759659 0.219794 0.212980 
0 0.766933 0.826147 0.210491 0.217930 
0 0.895639 0.896165 0.202715 0.207669 
0 0.100081 0.411300 0.192924 0.199925 
0 0.044487 0.578490 0.088973 0.184902 
0 0.069198 0.772173 0.138396 0.191324 
0 0.213062 0.768866 0.186233 0.215040 
0 0.326167 0.911159 0.226567 0.177682 
0 0.147332 0.969953 0.196019 0.060093 
