1 0.553067 0.556387 0.276177 0.335462 
0 0.909117 0.061850 0.181766 0.123701 
0 0.707227 0.046496 0.201597 0.092993 
0 0.387254 0.036616 0.219644 0.073232 
0 0.596932 0.104850 0.232926 0.202900 
0 0.945123 0.221654 0.109754 0.202962 
0 0.936853 0.394895 0.126295 0.201923 
0 0.670739 0.262080 0.223083 0.225620 
0 0.775274 0.409130 0.190089 0.222978 
0 0.051074 0.181515 0.102148 0.226113 
0 0.156505 0.176028 0.163666 0.298813 
0 0.296078 0.248062 0.224052 0.281778 
0 0.468607 0.404541 0.231156 0.232728 
0 0.264835 0.446587 0.223000 0.210413 
0 0.027573 0.597434 0.055146 0.193062 
0 0.191455 0.623489 0.281567 0.207960 
0 0.141211 0.785324 0.217050 0.174200 
0 0.047729 0.913833 0.095459 0.153220 
0 0.219798 0.927838 0.213791 0.144324 
0 0.430051 0.862055 0.238466 0.197052 
0 0.537096 0.967757 0.213893 0.064486 
0 0.658811 0.815882 0.239937 0.206058 
0 0.944667 0.563870 0.110665 0.197558 
0 0.977939 0.732233 0.044123 0.135583 
0 0.776417 0.939805 0.240342 0.120389 
0 0.893199 0.848814 0.202513 0.235978 
