1 0.305082 0.323897 0.387397 0.376418 
0 0.841172 0.066118 0.213214 0.132236 
0 0.743238 0.144018 0.233375 0.214509 
0 0.570387 0.139000 0.166405 0.250053 
0 0.061778 0.446667 0.114871 0.245574 
0 0.371365 0.087215 0.213796 0.172386 
0 0.198521 0.057999 0.159901 0.114184 
0 0.094237 0.046078 0.183285 0.092156 
0 0.930220 0.224471 0.139559 0.200430 
0 0.942289 0.347289 0.115422 0.211647 
0 0.901677 0.527064 0.196647 0.202495 
0 0.596247 0.578308 0.213404 0.235709 
0 0.178498 0.588562 0.231759 0.174843 
0 0.312729 0.626918 0.176887 0.186985 
0 0.780510 0.694159 0.213157 0.192626 
0 0.963117 0.766374 0.073765 0.202235 
0 0.859487 0.912076 0.281025 0.175847 
0 0.675319 0.887197 0.256844 0.225607 
0 0.412050 0.828151 0.206956 0.228579 
0 0.177186 0.776322 0.262120 0.202059 
0 0.232602 0.937300 0.218578 0.120477 
0 0.061930 0.866571 0.121059 0.249146 
