0 0.323127 0.132250 0.218800 0.229010 
0 0.757245 0.074164 0.190878 0.148328 
0 0.612226 0.113985 0.247890 0.203385 
0 0.915977 0.267191 0.159368 0.240816 
0 0.105642 0.074905 0.205203 0.149809 
0 0.130062 0.305483 0.260123 0.234298 
0 0.181426 0.484860 0.217806 0.218198 
0 0.365670 0.482973 0.167326 0.255857 
0 0.079611 0.669685 0.159222 0.274727 
0 0.266799 0.726535 0.207423 0.275634 
0 0.438535 0.711945 0.213399 0.260110 
0 0.890379 0.771539 0.219242 0.246522 
0 0.925770 0.918290 0.148460 0.153128 
0 0.654393 0.802285 0.231444 0.179341 
0 0.608682 0.932570 0.235223 0.134859 
0 0.349144 0.972433 0.166984 0.055134 
0 0.198177 0.916036 0.205500 0.167928 
0 0.065223 0.942040 0.126199 0.115920 
1 0.671032 0.500244 0.427609 0.439218 
