1 0.503088 0.633457 0.395607 0.430613 
0 0.943120 0.190244 0.113760 0.194766 
0 0.956578 0.315043 0.086845 0.185093 
0 0.648444 0.103652 0.254626 0.207305 
0 0.519700 0.146384 0.213836 0.218408 
0 0.572808 0.276726 0.250305 0.177604 
0 0.798384 0.298192 0.191785 0.221585 
0 0.789507 0.414728 0.158023 0.176725 
0 0.849322 0.506908 0.192427 0.209602 
0 0.931014 0.720108 0.137972 0.233664 
0 0.862634 0.741021 0.143952 0.197829 
0 0.929425 0.924065 0.141149 0.151870 
0 0.631340 0.946345 0.236608 0.107310 
0 0.505508 0.927853 0.230605 0.144294 
0 0.267959 0.932885 0.230036 0.134230 
0 0.070953 0.886176 0.141906 0.227647 
0 0.156268 0.728174 0.197145 0.228217 
0 0.079251 0.504241 0.158502 0.266742 
0 0.195992 0.388585 0.194100 0.224698 
0 0.091717 0.246481 0.183434 0.223035 
0 0.300412 0.062582 0.240291 0.125164 
0 0.046891 0.064599 0.093782 0.127986 
0 0.212904 0.150331 0.198590 0.189036 
