1 0.345349 0.772405 0.356275 0.370627 
0 0.614182 0.098931 0.209022 0.197862 
0 0.800825 0.031600 0.185923 0.063200 
0 0.979412 0.083874 0.041176 0.153357 
0 0.953077 0.287671 0.093847 0.217940 
0 0.974535 0.490230 0.050931 0.159619 
0 0.981838 0.635847 0.036323 0.108917 
0 0.969891 0.713027 0.060219 0.160914 
0 0.912537 0.983994 0.149534 0.032012 
0 0.870336 0.850237 0.212717 0.217068 
0 0.829541 0.771095 0.200337 0.213826 
0 0.702757 0.552633 0.215733 0.230222 
0 0.813374 0.528740 0.214791 0.241280 
0 0.800966 0.326632 0.191155 0.192388 
0 0.697633 0.289580 0.215650 0.220190 
0 0.439220 0.064275 0.214306 0.128550 
0 0.127506 0.018137 0.129888 0.030620 
0 0.081106 0.063641 0.162213 0.127281 
0 0.287054 0.177144 0.199567 0.190076 
0 0.167806 0.199505 0.214875 0.207291 
0 0.036094 0.300022 0.067670 0.190367 
0 0.496023 0.408179 0.259953 0.237273 
0 0.397154 0.370711 0.185866 0.241122 
0 0.227322 0.463194 0.214888 0.218543 
0 0.149928 0.477985 0.215645 0.206701 
0 0.069181 0.681460 0.138361 0.224805 
0 0.202951 0.912677 0.196092 0.174645 
0 0.457672 0.973061 0.169272 0.048302 
0 0.049973 0.900655 0.099946 0.198690 
