1 0.174055 0.719523 0.343389 0.349110 
0 0.964152 0.109613 0.071695 0.184144 
0 0.915716 0.222396 0.168568 0.230975 
0 0.774785 0.097744 0.189358 0.192045 
0 0.512073 0.051950 0.213813 0.103901 
0 0.541597 0.126295 0.225316 0.203724 
0 0.279623 0.092143 0.209383 0.184285 
0 0.159152 0.078424 0.213245 0.156849 
0 0.084958 0.221912 0.169915 0.209563 
0 0.601585 0.281545 0.239801 0.224863 
0 0.499692 0.331648 0.237872 0.195682 
0 0.358089 0.279550 0.234005 0.222115 
0 0.083755 0.450780 0.167511 0.192393 
0 0.449956 0.531351 0.206776 0.171197 
0 0.352214 0.499306 0.190222 0.180423 
0 0.925314 0.586162 0.149371 0.207723 
0 0.750273 0.527434 0.193938 0.197202 
0 0.646132 0.536427 0.173799 0.204671 
0 0.877116 0.703019 0.195960 0.206798 
0 0.752893 0.732798 0.140466 0.192714 
0 0.822012 0.917194 0.228377 0.165613 
0 0.624927 0.918495 0.193890 0.163010 
0 0.396980 0.909681 0.198607 0.180639 
