1 0.603992 0.457895 0.290685 0.349261 
0 0.590222 0.099682 0.244941 0.199365 
0 0.377427 0.268456 0.200531 0.215031 
0 0.066137 0.121030 0.132275 0.239553 
0 0.160671 0.250579 0.234475 0.256090 
0 0.124900 0.479179 0.222478 0.178202 
0 0.364961 0.516678 0.212082 0.263118 
0 0.140158 0.668229 0.262357 0.214365 
0 0.534739 0.817322 0.213075 0.300576 
0 0.343575 0.852643 0.188425 0.291369 
0 0.143513 0.874159 0.224534 0.240989 
0 0.678555 0.965981 0.207405 0.068038 
0 0.454962 0.021744 0.176160 0.043488 
