1 0.556255 0.491247 0.346014 0.409073 
0 0.919275 0.146815 0.161451 0.251458 
0 0.683763 0.046888 0.224841 0.093776 
0 0.420257 0.031798 0.211206 0.063597 
0 0.522253 0.137214 0.253083 0.225052 
0 0.797883 0.166300 0.195982 0.218820 
0 0.626711 0.223744 0.232433 0.197805 
0 0.834647 0.352978 0.231442 0.211004 
0 0.090507 0.118625 0.181013 0.237251 
0 0.196083 0.235005 0.206648 0.229724 
0 0.312603 0.361509 0.223334 0.248278 
0 0.028619 0.363442 0.057237 0.187998 
0 0.040802 0.588261 0.081604 0.209092 
0 0.142199 0.508806 0.221000 0.248260 
0 0.900265 0.542837 0.199470 0.225197 
0 0.979665 0.642508 0.040670 0.160923 
0 0.899061 0.750546 0.195070 0.172888 
0 0.707069 0.708258 0.201333 0.266519 
0 0.345155 0.660918 0.219472 0.200342 
0 0.082815 0.799238 0.165630 0.237427 
0 0.964115 0.911585 0.071770 0.163970 
0 0.871422 0.944764 0.204151 0.110472 
0 0.647427 0.923284 0.215038 0.153432 
0 0.501182 0.870132 0.206309 0.222418 
0 0.280090 0.891015 0.211576 0.205049 
0 0.113114 0.954699 0.174112 0.086735 
