1 0.401522 0.766517 0.377981 0.405840 
0 0.904907 0.108538 0.190186 0.217077 
0 0.704378 0.180791 0.227721 0.217063 
0 0.671289 0.028854 0.195735 0.057709 
0 0.410572 0.065277 0.211708 0.130553 
0 0.103819 0.048676 0.207639 0.097352 
0 0.195671 0.144886 0.274164 0.219767 
0 0.593488 0.361991 0.215857 0.206948 
0 0.330320 0.343845 0.180943 0.208388 
0 0.142043 0.360280 0.225382 0.267928 
0 0.018635 0.370217 0.036160 0.158108 
0 0.455860 0.515275 0.298434 0.229518 
0 0.689975 0.689658 0.211448 0.202834 
0 0.905666 0.734423 0.188667 0.191754 
0 0.922075 0.912010 0.155849 0.159482 
0 0.696050 0.878719 0.269426 0.167053 
0 0.298405 0.958154 0.232847 0.083692 
0 0.154209 0.793473 0.200355 0.261490 
0 0.104896 0.560164 0.208709 0.199818 
0 0.980599 0.272515 0.038803 0.173676 
