1 0.479088 0.189524 0.411354 0.350369 
0 0.959231 0.060353 0.081538 0.120706 
0 0.850699 0.133667 0.161367 0.189808 
0 0.961200 0.280490 0.077601 0.175332 
0 0.964694 0.423929 0.070612 0.183330 
0 0.700520 0.392034 0.211312 0.194705 
0 0.803245 0.420530 0.206688 0.170056 
0 0.036532 0.034040 0.073065 0.068080 
0 0.187852 0.173084 0.189808 0.219485 
0 0.100486 0.227606 0.200971 0.190028 
0 0.281422 0.404537 0.200201 0.225409 
0 0.387718 0.443533 0.210902 0.192564 
0 0.090242 0.478505 0.170831 0.210444 
0 0.059560 0.514632 0.119121 0.185223 
0 0.087547 0.656613 0.175094 0.227633 
0 0.298207 0.644826 0.216729 0.216407 
0 0.447741 0.666342 0.212853 0.230037 
0 0.809411 0.655398 0.195361 0.214720 
0 0.695828 0.608144 0.183017 0.186254 
0 0.592715 0.793949 0.176966 0.195925 
0 0.920342 0.935349 0.159315 0.129303 
0 0.903495 0.863341 0.193009 0.181823 
0 0.736953 0.883799 0.195273 0.185967 
0 0.554311 0.957956 0.170796 0.084088 
0 0.390499 0.866531 0.189046 0.257161 
0 0.222421 0.964795 0.193379 0.070409 
0 0.260937 0.878329 0.194419 0.194687 
0 0.054531 0.964051 0.109062 0.071898 
