1 0.395659 0.624104 0.445609 0.381304 
0 0.919300 0.076106 0.161401 0.152212 
0 0.752607 0.153522 0.240264 0.230615 
0 0.490822 0.108833 0.247771 0.184647 
0 0.355163 0.036214 0.107397 0.072427 
0 0.203503 0.037561 0.188184 0.075121 
0 0.048940 0.058562 0.097880 0.117124 
0 0.955019 0.227711 0.089962 0.164965 
0 0.906571 0.387922 0.186857 0.241002 
0 0.835021 0.582966 0.203408 0.245880 
0 0.928760 0.730690 0.142480 0.208627 
0 0.959244 0.911095 0.081512 0.162777 
0 0.804605 0.924165 0.239635 0.151669 
0 0.659956 0.822309 0.215432 0.211293 
0 0.706092 0.577068 0.184355 0.251085 
0 0.476255 0.264399 0.204688 0.191575 
0 0.322854 0.344422 0.214014 0.214324 
0 0.109464 0.287697 0.218928 0.245665 
0 0.178764 0.511119 0.210368 0.225610 
0 0.041556 0.590400 0.078790 0.218012 
0 0.115095 0.762838 0.193425 0.196612 
0 0.102846 0.933808 0.202136 0.132384 
