1 0.463426 0.567410 0.307506 0.344604 
0 0.853597 0.113777 0.267704 0.214033 
0 0.622571 0.068436 0.249925 0.136873 
0 0.219919 0.040421 0.222762 0.080842 
0 0.036508 0.098174 0.073016 0.193018 
0 0.202046 0.193443 0.268347 0.210942 
0 0.067258 0.355876 0.134517 0.220833 
0 0.466207 0.207199 0.231799 0.229892 
0 0.952671 0.284170 0.094657 0.186531 
0 0.726016 0.302008 0.211765 0.241558 
0 0.904072 0.386217 0.191855 0.236885 
0 0.563368 0.368273 0.215051 0.212659 
0 0.316776 0.401745 0.186954 0.247886 
0 0.225217 0.409716 0.169246 0.215121 
0 0.074637 0.584898 0.149274 0.225823 
0 0.949373 0.610718 0.101254 0.213333 
0 0.914091 0.763701 0.171818 0.222934 
0 0.764956 0.617696 0.251127 0.245979 
0 0.670094 0.757456 0.218931 0.220177 
0 0.242903 0.712384 0.205041 0.215355 
0 0.830563 0.919336 0.223511 0.159628 
0 0.681033 0.939019 0.238246 0.121961 
0 0.505126 0.974581 0.149556 0.050839 
0 0.185906 0.914699 0.240708 0.170602 
0 0.025175 0.923718 0.050350 0.143783 
0 0.012630 0.709158 0.025261 0.121036 
