1 0.433788 0.203008 0.374022 0.328094 
0 0.938671 0.218224 0.122657 0.249450 
0 0.782043 0.211585 0.165613 0.213985 
0 0.667762 0.187192 0.146103 0.225153 
0 0.057336 0.072316 0.114673 0.144633 
0 0.140037 0.229940 0.202865 0.226378 
0 0.060602 0.397808 0.121204 0.264630 
0 0.722097 0.425286 0.234428 0.211867 
0 0.921719 0.669917 0.156563 0.227668 
0 0.798126 0.619286 0.238039 0.213531 
0 0.538380 0.592246 0.214822 0.203068 
0 0.159683 0.622358 0.216685 0.220512 
0 0.324388 0.762331 0.219644 0.230218 
0 0.312460 0.946988 0.207309 0.106024 
0 0.496897 0.875782 0.186078 0.186861 
0 0.695438 0.927911 0.224198 0.144179 
0 0.908375 0.911469 0.183250 0.177063 
0 0.530239 0.969529 0.171562 0.053763 
