1 0.625115 0.767748 0.393567 0.377907 
0 0.864184 0.096513 0.207097 0.193027 
0 0.775961 0.089531 0.212276 0.179062 
0 0.539331 0.065587 0.261503 0.131174 
0 0.419697 0.067637 0.213637 0.135274 
0 0.163649 0.064376 0.212391 0.128752 
0 0.112469 0.156770 0.215892 0.207899 
0 0.286949 0.211779 0.189499 0.199558 
0 0.185776 0.331073 0.223652 0.211065 
0 0.146026 0.448197 0.228505 0.212435 
0 0.116734 0.551171 0.208647 0.212140 
0 0.552052 0.232902 0.210607 0.198030 
0 0.484844 0.262192 0.197986 0.218763 
0 0.884151 0.282901 0.214848 0.233917 
0 0.805850 0.407606 0.221410 0.201742 
0 0.658278 0.430335 0.212924 0.211052 
0 0.503180 0.509510 0.169347 0.207278 
0 0.332309 0.536066 0.184171 0.212915 
0 0.911191 0.514198 0.175416 0.179089 
0 0.904737 0.636036 0.157849 0.201390 
0 0.912107 0.733058 0.171294 0.206463 
0 0.914157 0.909520 0.171686 0.173121 
0 0.057035 0.758400 0.114070 0.198268 
0 0.215110 0.713272 0.184554 0.222150 
0 0.319760 0.739635 0.171800 0.200690 
0 0.311474 0.857133 0.180507 0.216310 
0 0.114655 0.944709 0.215209 0.110582 
0 0.313220 0.955212 0.168735 0.084449 
