1 0.716958 0.655173 0.342649 0.432061 
0 0.921358 0.103527 0.157285 0.207053 
0 0.808710 0.044713 0.183418 0.089425 
0 0.611588 0.027104 0.186562 0.054207 
0 0.156728 0.031662 0.220789 0.063324 
0 0.685846 0.139768 0.217689 0.172610 
0 0.489191 0.158478 0.187654 0.216099 
0 0.264258 0.130201 0.232724 0.198809 
0 0.908934 0.326518 0.182132 0.205882 
0 0.685084 0.332221 0.248903 0.193621 
0 0.436201 0.284060 0.218327 0.184047 
0 0.160909 0.264299 0.212928 0.203037 
0 0.024340 0.309204 0.048681 0.165776 
0 0.271414 0.440979 0.244103 0.201152 
0 0.958535 0.519439 0.082930 0.186954 
0 0.948305 0.737145 0.103390 0.194053 
0 0.870746 0.923203 0.189491 0.153594 
0 0.645714 0.933752 0.211215 0.129166 
0 0.057997 0.463917 0.115994 0.170664 
0 0.152896 0.621970 0.237356 0.229284 
0 0.241309 0.707192 0.224101 0.214447 
0 0.413662 0.853472 0.196977 0.206987 
0 0.233032 0.898616 0.254466 0.180987 
0 0.024422 0.678569 0.048844 0.251471 
0 0.047934 0.945169 0.095868 0.109661 
0 0.421380 0.975466 0.134825 0.041855 
