1 0.457872 0.491824 0.377572 0.417669 
0 0.927367 0.037310 0.145267 0.074620 
0 0.615765 0.043834 0.185791 0.087668 
0 0.137084 0.097465 0.232023 0.194929 
0 0.933876 0.281483 0.132249 0.210479 
0 0.766552 0.200958 0.209145 0.182374 
0 0.390953 0.019648 0.176319 0.039296 
0 0.430013 0.132909 0.190459 0.180357 
0 0.348515 0.162988 0.181423 0.207758 
0 0.027445 0.166504 0.054890 0.173456 
0 0.130509 0.500310 0.246477 0.230495 
0 0.048584 0.773449 0.097167 0.268466 
0 0.819815 0.329215 0.215817 0.218649 
0 0.931079 0.519994 0.137842 0.232332 
0 0.766248 0.602318 0.233463 0.216623 
0 0.957938 0.730427 0.084123 0.194630 
0 0.852789 0.849671 0.198858 0.200399 
0 0.751731 0.892486 0.205626 0.170144 
0 0.934501 0.978927 0.130998 0.042145 
0 0.513427 0.842515 0.229672 0.179005 
0 0.558805 0.963492 0.260226 0.060369 
0 0.301257 0.905733 0.226836 0.188535 
0 0.088732 0.949655 0.177464 0.100691 
