1 0.227967 0.590995 0.378646 0.355372 
0 0.926349 0.107473 0.147301 0.214945 
0 0.584599 0.030426 0.195674 0.060853 
0 0.444042 0.061782 0.245609 0.123564 
0 0.083467 0.022048 0.166934 0.044096 
0 0.174467 0.114041 0.222683 0.190966 
0 0.023140 0.181753 0.046280 0.238048 
0 0.798980 0.231319 0.206437 0.209854 
0 0.623293 0.187553 0.249450 0.227091 
0 0.381265 0.211043 0.191441 0.169585 
0 0.948298 0.427069 0.103403 0.229192 
0 0.788527 0.454389 0.187689 0.196140 
0 0.668464 0.520467 0.197818 0.213664 
0 0.550493 0.313966 0.193485 0.155211 
0 0.237321 0.265828 0.197206 0.136706 
0 0.503580 0.493009 0.150243 0.180062 
0 0.024151 0.476921 0.044981 0.134499 
0 0.954136 0.640806 0.091729 0.173284 
0 0.765385 0.718563 0.211655 0.173738 
0 0.850820 0.799993 0.220745 0.191622 
0 0.513527 0.745145 0.229597 0.293876 
0 0.621986 0.924227 0.223563 0.151547 
