1 0.367850 0.479046 0.279044 0.286561 
0 0.945253 0.033652 0.109494 0.067305 
0 0.916709 0.175858 0.166582 0.204028 
0 0.883116 0.249839 0.217024 0.225739 
0 0.699309 0.213100 0.224726 0.226369 
0 0.496979 0.120193 0.249595 0.215451 
0 0.366291 0.230557 0.279273 0.209810 
0 0.094633 0.106213 0.189266 0.205864 
0 0.048927 0.368746 0.097854 0.210576 
0 0.117729 0.418466 0.215359 0.209863 
0 0.559221 0.369836 0.214958 0.230416 
0 0.780614 0.450674 0.227192 0.223475 
0 0.697451 0.552435 0.223555 0.209163 
0 0.924147 0.573455 0.151705 0.215892 
0 0.905986 0.816928 0.188028 0.262186 
0 0.594340 0.705999 0.212954 0.182836 
0 0.453669 0.734065 0.173227 0.207445 
0 0.263601 0.755166 0.189389 0.213034 
0 0.145826 0.787213 0.180190 0.232746 
0 0.024021 0.721775 0.048042 0.152436 
0 0.056887 0.907780 0.113774 0.164587 
0 0.717759 0.848288 0.186663 0.188139 
0 0.840630 0.966046 0.204160 0.061690 
0 0.594937 0.903037 0.242474 0.183620 
