1 0.580571 0.742520 0.242738 0.316406 
0 0.731504 0.085151 0.236366 0.159223 
0 0.783718 0.178611 0.238722 0.195097 
0 0.504534 0.115946 0.216438 0.207291 
0 0.096749 0.021130 0.159615 0.042260 
0 0.231409 0.157007 0.237515 0.247384 
0 0.602648 0.337613 0.211858 0.216147 
0 0.821971 0.368088 0.217002 0.198849 
0 0.875423 0.496087 0.193163 0.227835 
0 0.978516 0.627711 0.042969 0.242659 
0 0.869204 0.660438 0.192987 0.233952 
0 0.704499 0.615600 0.204543 0.249582 
0 0.773391 0.863134 0.184237 0.253510 
0 0.915269 0.879267 0.161896 0.207009 
0 0.051968 0.339406 0.103936 0.197334 
0 0.079724 0.556876 0.159447 0.221357 
0 0.255831 0.517992 0.187711 0.209515 
0 0.324864 0.639440 0.226778 0.237334 
0 0.140759 0.778733 0.219485 0.229562 
0 0.440325 0.955034 0.239585 0.089932 
0 0.419889 0.892723 0.219208 0.154678 
0 0.204671 0.933226 0.219278 0.122732 
