1 0.533014 0.474543 0.349946 0.354148 
0 0.954869 0.067844 0.090262 0.135688 
0 0.782258 0.078365 0.203407 0.156730 
0 0.725272 0.155431 0.222546 0.219419 
0 0.435333 0.140627 0.211131 0.214870 
0 0.360260 0.017638 0.139401 0.035275 
0 0.219463 0.131782 0.203301 0.216486 
0 0.052926 0.097068 0.105852 0.173271 
0 0.282558 0.289501 0.228350 0.188253 
0 0.924207 0.381110 0.151586 0.249141 
0 0.896372 0.472073 0.192970 0.222824 
0 0.807561 0.524228 0.188412 0.183127 
0 0.741950 0.316063 0.204569 0.244759 
0 0.056390 0.575630 0.112779 0.271037 
0 0.970399 0.789274 0.059201 0.171073 
0 0.936621 0.723770 0.126757 0.260296 
0 0.762613 0.795008 0.205433 0.206225 
0 0.503486 0.738942 0.189134 0.159007 
0 0.269666 0.716026 0.220736 0.144619 
0 0.335083 0.876189 0.223894 0.182506 
0 0.139205 0.802215 0.169801 0.192631 
0 0.055738 0.911466 0.111476 0.160649 
