1 0.432927 0.211831 0.373877 0.405748 
0 0.917749 0.224821 0.164503 0.213514 
0 0.783778 0.146663 0.191384 0.221260 
0 0.774360 0.015883 0.195185 0.031765 
0 0.684391 0.229502 0.169638 0.265154 
0 0.041912 0.054040 0.083647 0.108080 
0 0.144227 0.132337 0.214742 0.221128 
0 0.128367 0.349341 0.181154 0.200126 
0 0.099350 0.412975 0.178926 0.183713 
0 0.407454 0.477670 0.235841 0.196030 
0 0.817073 0.469234 0.180247 0.221912 
0 0.721624 0.444035 0.178274 0.192106 
0 0.945942 0.517756 0.108115 0.218820 
0 0.908364 0.888626 0.183272 0.221577 
0 0.858706 0.767345 0.211316 0.201843 
0 0.667845 0.641534 0.256236 0.209427 
0 0.507156 0.723711 0.234199 0.187337 
0 0.664721 0.850059 0.182634 0.189336 
0 0.549768 0.865038 0.189341 0.192239 
0 0.418196 0.910854 0.200751 0.174293 
0 0.221432 0.561005 0.213412 0.204512 
0 0.074318 0.606823 0.140647 0.189742 
0 0.192159 0.677424 0.210876 0.236630 
0 0.057960 0.802866 0.115919 0.198488 
0 0.198862 0.893813 0.208973 0.159121 
0 0.055573 0.954100 0.108010 0.086946 
0 0.255758 0.974281 0.160438 0.047791 
