1 0.443527 0.520760 0.460863 0.484305 
0 0.946068 0.047621 0.107864 0.095243 
0 0.864545 0.114759 0.200888 0.209832 
0 0.716718 0.102223 0.215222 0.193014 
0 0.515770 0.182147 0.226395 0.216632 
0 0.376229 0.042504 0.242038 0.085008 
0 0.373824 0.177257 0.234331 0.191120 
0 0.131456 0.072900 0.233538 0.145800 
0 0.978179 0.314515 0.043643 0.161169 
0 0.878558 0.319339 0.183950 0.181467 
0 0.163210 0.406453 0.188068 0.210383 
0 0.094182 0.355806 0.183748 0.206291 
0 0.923491 0.594662 0.153018 0.179212 
0 0.890788 0.646247 0.190186 0.168286 
0 0.752266 0.568401 0.182519 0.213923 
0 0.971661 0.790199 0.056678 0.176499 
0 0.887315 0.832469 0.213399 0.197730 
0 0.897323 0.939000 0.205353 0.117958 
0 0.715139 0.761670 0.167260 0.177803 
0 0.525576 0.845776 0.232635 0.154761 
0 0.119163 0.615699 0.207278 0.194123 
0 0.267450 0.808492 0.224629 0.215623 
0 0.127127 0.832073 0.208683 0.193714 
0 0.021013 0.693071 0.040194 0.156638 
0 0.102329 0.971654 0.204658 0.056691 
