1 0.466115 0.239070 0.398939 0.459898 
0 0.466115 0.239070 0.398939 0.459898 
0 0.895131 0.069061 0.209739 0.138123 
0 0.901291 0.313626 0.197418 0.335381 
0 0.762601 0.235510 0.182263 0.332072 
0 0.163208 0.098670 0.208545 0.197341 
0 0.039509 0.338260 0.079018 0.229411 
0 0.147123 0.484977 0.230378 0.224703 
0 0.654087 0.485143 0.190431 0.212018 
0 0.354512 0.538171 0.188822 0.224935 
0 0.856925 0.649103 0.209110 0.195896 
0 0.615025 0.749995 0.199365 0.195859 
0 0.413839 0.757302 0.183972 0.195440 
0 0.209780 0.698519 0.213773 0.204789 
0 0.058628 0.842221 0.117156 0.222091 
0 0.240683 0.908169 0.225186 0.180946 
0 0.581521 0.928794 0.244904 0.142412 
0 0.839821 0.870588 0.215222 0.229963 
0 0.028795 0.595168 0.057591 0.232105 
