1 0.491131 0.768904 0.362986 0.377409 
0 0.940873 0.065860 0.118253 0.131720 
0 0.562491 0.058517 0.209889 0.117033 
0 0.494075 0.120220 0.217926 0.209462 
0 0.420505 0.167273 0.219437 0.210400 
0 0.258823 0.053254 0.215971 0.106508 
0 0.080728 0.051799 0.155404 0.103597 
0 0.175651 0.148730 0.210731 0.201139 
0 0.135516 0.323127 0.180436 0.200967 
0 0.297648 0.312562 0.223158 0.203257 
0 0.933506 0.368599 0.132989 0.209436 
0 0.899728 0.413845 0.200544 0.193608 
0 0.767737 0.384187 0.172928 0.188134 
0 0.564458 0.362962 0.202689 0.191142 
0 0.904898 0.650179 0.190204 0.201121 
0 0.702059 0.521172 0.195092 0.170400 
0 0.701714 0.603811 0.193767 0.228892 
0 0.412664 0.552052 0.221467 0.196964 
0 0.298198 0.476485 0.207181 0.199985 
0 0.081364 0.490289 0.162728 0.212831 
0 0.085977 0.715742 0.171954 0.198061 
0 0.074217 0.815607 0.148433 0.187249 
0 0.828993 0.809226 0.256236 0.217997 
0 0.842909 0.963468 0.229953 0.073065 
0 0.057354 0.891444 0.114708 0.189209 
0 0.014156 0.299685 0.028313 0.115038 
0 0.763982 0.027346 0.160328 0.054692 
