1 0.741729 0.676257 0.393091 0.400798 
0 0.927679 0.065768 0.144641 0.131535 
0 0.665560 0.034778 0.210383 0.069555 
0 0.069152 0.078576 0.138304 0.152978 
0 0.464095 0.104553 0.261653 0.198827 
0 0.811051 0.189876 0.232719 0.217081 
0 0.962049 0.272847 0.075901 0.191076 
0 0.912046 0.440045 0.175909 0.204878 
0 0.524836 0.216359 0.241699 0.214927 
0 0.290626 0.147123 0.231072 0.235322 
0 0.117956 0.131806 0.194744 0.177261 
0 0.171846 0.313707 0.228734 0.205582 
0 0.325342 0.447103 0.215967 0.248208 
0 0.537167 0.475045 0.227606 0.187134 
0 0.455349 0.635895 0.223286 0.199787 
0 0.333859 0.738195 0.196995 0.221591 
0 0.098365 0.476391 0.196731 0.151133 
0 0.166009 0.637688 0.220239 0.169946 
0 0.119563 0.734906 0.199897 0.218032 
0 0.508033 0.918074 0.188513 0.156840 
0 0.845225 0.952566 0.123071 0.087162 
