0 0.912209 0.062352 0.175582 0.124703 
0 0.677565 0.050884 0.195710 0.101768 
0 0.558531 0.060625 0.229639 0.121249 
0 0.790208 0.172782 0.202741 0.204187 
0 0.676847 0.246517 0.243706 0.163486 
0 0.898301 0.371994 0.146219 0.176944 
0 0.937606 0.474000 0.124788 0.186152 
0 0.273822 0.110748 0.195720 0.190523 
0 0.197700 0.090943 0.173569 0.181887 
0 0.033931 0.080903 0.060606 0.161807 
0 0.052817 0.123387 0.105634 0.214031 
0 0.152165 0.318429 0.185643 0.210280 
0 0.111202 0.425225 0.171947 0.216383 
0 0.193152 0.648724 0.223250 0.253354 
0 0.042508 0.667813 0.084013 0.235510 
0 0.834469 0.722739 0.199827 0.181066 
0 0.930104 0.880866 0.139793 0.199678 
0 0.742399 0.825267 0.214550 0.178475 
0 0.748855 0.923514 0.200801 0.145207 
0 0.338486 0.977976 0.174602 0.044048 
0 0.058923 0.927432 0.117846 0.145137 
0 0.143357 0.957332 0.141684 0.085336 
0 0.561326 0.981105 0.164859 0.037790 
1 0.561326 0.981105 0.164859 0.037790 
1 0.504508 0.584515 0.396824 0.327010 
