1 0.496935 0.536537 0.252369 0.308409 
0 0.930011 0.046080 0.139978 0.092160 
0 0.871442 0.061218 0.152225 0.122437 
0 0.551693 0.158443 0.231116 0.230984 
0 0.344985 0.112579 0.189565 0.206080 
0 0.522328 0.022680 0.167110 0.041617 
0 0.100917 0.045274 0.196251 0.090548 
0 0.117370 0.136527 0.213214 0.176688 
0 0.182475 0.196312 0.231380 0.165842 
0 0.972843 0.169801 0.054313 0.147134 
0 0.976333 0.345904 0.047333 0.170748 
0 0.845879 0.263238 0.212184 0.220723 
0 0.693665 0.386278 0.210471 0.217261 
0 0.523860 0.254320 0.205195 0.208295 
0 0.200133 0.362874 0.224717 0.212800 
0 0.039148 0.411264 0.078297 0.248939 
0 0.883638 0.494526 0.205525 0.238717 
0 0.743753 0.590799 0.233640 0.189279 
0 0.943245 0.757619 0.113510 0.213791 
0 0.747173 0.738046 0.229178 0.187443 
0 0.871307 0.887280 0.203720 0.189574 
0 0.950410 0.974951 0.096687 0.050099 
0 0.383770 0.673663 0.242289 0.231301 
0 0.175063 0.632777 0.195172 0.214073 
0 0.085378 0.680322 0.166652 0.237581 
0 0.132022 0.845415 0.223299 0.190821 
0 0.058501 0.904314 0.117003 0.185435 
0 0.439933 0.843583 0.215073 0.204138 
0 0.361238 0.892864 0.199558 0.202416 
0 0.655814 0.916826 0.224519 0.158941 
