1 0.647744 0.374141 0.599788 0.411508 
0 0.883894 0.247019 0.232213 0.192459 
0 0.974204 0.412358 0.049980 0.191314 
0 0.102901 0.044418 0.205803 0.088835 
0 0.330648 0.031342 0.232332 0.062685 
0 0.445484 0.101371 0.239439 0.198963 
0 0.281717 0.265028 0.212629 0.245477 
0 0.115708 0.273951 0.213439 0.235657 
0 0.035350 0.402901 0.070700 0.168409 
0 0.122107 0.521735 0.241122 0.228240 
0 0.839742 0.659560 0.215518 0.184087 
0 0.574349 0.698301 0.225290 0.216165 
0 0.439563 0.730156 0.190622 0.228941 
0 0.212389 0.703625 0.219353 0.203306 
0 0.842977 0.968851 0.228003 0.062297 
0 0.846657 0.866084 0.262542 0.183268 
0 0.687958 0.820848 0.210356 0.206036 
0 0.475151 0.924103 0.195194 0.151793 
0 0.228020 0.933565 0.255980 0.132870 
0 0.244266 0.850021 0.246556 0.173355 
