1 0.547230 0.522295 0.281325 0.350096 
0 0.904850 0.045737 0.190301 0.091473 
0 0.942774 0.186881 0.114453 0.211224 
0 0.921912 0.361295 0.156175 0.219164 
0 0.940083 0.524188 0.119834 0.217204 
0 0.974871 0.693784 0.050257 0.166995 
0 0.947735 0.952224 0.104531 0.095551 
0 0.881236 0.812507 0.203671 0.231490 
0 0.765447 0.368280 0.193696 0.223973 
0 0.691756 0.028013 0.212871 0.056026 
0 0.585184 0.087622 0.233908 0.175244 
0 0.653242 0.229663 0.223462 0.214804 
0 0.375731 0.018534 0.178798 0.037068 
0 0.048196 0.148722 0.096392 0.234688 
0 0.140821 0.143098 0.166066 0.286196 
0 0.287442 0.210521 0.228844 0.291295 
0 0.460924 0.369425 0.223004 0.242619 
0 0.254831 0.414007 0.219411 0.226329 
0 0.024171 0.551490 0.048341 0.172104 
0 0.182411 0.588675 0.290943 0.210202 
0 0.127858 0.748120 0.228923 0.181335 
0 0.045061 0.900772 0.090121 0.195533 
0 0.210561 0.905677 0.219864 0.186329 
0 0.422190 0.828125 0.246613 0.206701 
0 0.531003 0.948111 0.224880 0.103778 
0 0.768615 0.918037 0.238876 0.163926 
0 0.649569 0.778002 0.246354 0.209383 
