1 0.605900 0.390916 0.331683 0.327332 
0 0.935012 0.034870 0.129976 0.069740 
0 0.933614 0.217099 0.132773 0.214998 
0 0.866628 0.163180 0.232851 0.206890 
0 0.682968 0.155565 0.219111 0.188958 
0 0.470895 0.106244 0.197470 0.190098 
0 0.410815 0.186648 0.169871 0.176274 
0 0.345320 0.040073 0.186923 0.080146 
0 0.153103 0.090020 0.211312 0.176684 
0 0.030906 0.104385 0.061813 0.184814 
0 0.185789 0.182929 0.221027 0.189156 
0 0.083159 0.364849 0.166317 0.196229 
0 0.170113 0.354368 0.222678 0.229407 
0 0.116798 0.608948 0.200619 0.228606 
0 0.317904 0.516224 0.208718 0.176173 
0 0.341464 0.630100 0.206401 0.192758 
0 0.982006 0.466938 0.035989 0.148856 
0 0.857303 0.552193 0.201060 0.172866 
0 0.865133 0.481030 0.169070 0.118451 
0 0.929144 0.739624 0.141713 0.203609 
0 0.812696 0.729883 0.212272 0.180286 
0 0.574435 0.661383 0.223850 0.195026 
0 0.531298 0.742595 0.208471 0.167282 
0 0.225052 0.802263 0.230279 0.154123 
0 0.051268 0.856515 0.102536 0.166375 
0 0.114369 0.942377 0.218459 0.115245 
0 0.375291 0.970089 0.218812 0.059822 
0 0.746792 0.845672 0.216596 0.209964 
0 0.933565 0.918539 0.132870 0.153365 
0 0.787134 0.979872 0.165287 0.040256 
