1 0.527474 0.311236 0.377550 0.365787 
0 0.840628 0.083304 0.217896 0.166608 
0 0.795615 0.162136 0.193084 0.228531 
0 0.837591 0.287186 0.226725 0.237132 
0 0.980590 0.363361 0.038820 0.181986 
0 0.776166 0.623690 0.195546 0.236599 
0 0.939757 0.717495 0.120486 0.207353 
0 0.921879 0.772306 0.156241 0.190627 
0 0.812575 0.953176 0.228069 0.093649 
0 0.802858 0.898057 0.197854 0.161011 
0 0.121266 0.066968 0.242531 0.133935 
0 0.323397 0.100906 0.212792 0.201813 
0 0.136104 0.357470 0.213760 0.190534 
0 0.225911 0.343812 0.227919 0.232992 
0 0.595505 0.882264 0.198576 0.235472 
0 0.497791 0.902687 0.199633 0.194625 
0 0.101503 0.899530 0.156853 0.200844 
0 0.217863 0.881320 0.246860 0.207115 
0 0.143800 0.694110 0.206349 0.171038 
0 0.249683 0.661775 0.212215 0.197889 
0 0.370852 0.612246 0.220732 0.229487 
0 0.145797 0.579464 0.212245 0.204640 
