1 0.523054 0.672972 0.367143 0.390695 
0 0.956736 0.261567 0.086528 0.202037 
0 0.875465 0.166135 0.201377 0.213575 
0 0.650543 0.056398 0.227117 0.112797 
0 0.430780 0.119596 0.227205 0.221692 
0 0.296926 0.308589 0.187196 0.214698 
0 0.624778 0.280418 0.218666 0.201205 
0 0.775507 0.396432 0.225039 0.233913 
0 0.856612 0.495433 0.195053 0.277049 
0 0.955897 0.770033 0.088206 0.229020 
0 0.802098 0.872340 0.209731 0.195268 
0 0.040139 0.403018 0.080279 0.204825 
0 0.048570 0.558446 0.097141 0.194313 
0 0.066926 0.772469 0.133852 0.194476 
0 0.046388 0.941752 0.092777 0.116496 
0 0.279414 0.887952 0.216830 0.144324 
