1 0.515397 0.604404 0.274294 0.289568 
0 0.934970 0.105172 0.130059 0.210345 
0 0.643342 0.065360 0.222269 0.130720 
0 0.396400 0.117987 0.215541 0.210432 
0 0.170751 0.183790 0.218417 0.246025 
0 0.232180 0.266559 0.219611 0.227556 
0 0.066087 0.358771 0.125511 0.193776 
0 0.308692 0.455543 0.202829 0.198745 
0 0.263268 0.509966 0.235952 0.233851 
0 0.649566 0.235526 0.231061 0.217487 
0 0.526122 0.292878 0.209825 0.232816 
0 0.922388 0.361624 0.155224 0.191133 
0 0.734512 0.431112 0.224666 0.207059 
0 0.762496 0.562947 0.222182 0.193116 
0 0.947664 0.566017 0.104671 0.215491 
0 0.952567 0.777624 0.094867 0.208754 
0 0.779625 0.785459 0.182463 0.240460 
0 0.684485 0.791642 0.207031 0.233381 
0 0.855460 0.918814 0.235715 0.159837 
0 0.609817 0.949747 0.210418 0.100505 
0 0.416779 0.885208 0.249626 0.203458 
0 0.197530 0.800606 0.176492 0.206858 
0 0.167827 0.928655 0.205951 0.142690 
0 0.050932 0.701439 0.101863 0.222861 
0 0.036603 0.807115 0.071776 0.208554 
