0 0.871053 0.923252 0.205094 0.153497 
0 0.668789 0.963579 0.223536 0.072842 
0 0.493990 0.863511 0.237652 0.235063 
0 0.208987 0.843381 0.239754 0.207756 
0 0.725544 0.787734 0.235437 0.198982 
0 0.862946 0.737964 0.251855 0.194196 
0 0.730735 0.601517 0.177568 0.146168 
0 0.632863 0.616780 0.258979 0.218946 
0 0.962501 0.580315 0.074998 0.169044 
0 0.901097 0.435048 0.191917 0.211968 
0 0.786066 0.368008 0.191142 0.212259 
0 0.954613 0.272022 0.090774 0.205117 
0 0.899021 0.131693 0.201958 0.194797 
0 0.733826 0.143166 0.153793 0.207214 
0 0.037563 0.901753 0.075126 0.196493 
0 0.058769 0.612231 0.117538 0.244681 
0 0.144142 0.429804 0.213950 0.192920 
0 0.210001 0.592658 0.240670 0.180522 
0 0.193583 0.133086 0.195253 0.180763 
0 0.557566 0.070390 0.162353 0.140780 
0 0.234564 0.040179 0.224607 0.080358 
0 0.065727 0.333601 0.131454 0.194296 
1 0.420790 0.370349 0.396332 0.435134 
