1 0.739858 0.241190 0.356187 0.415018 
0 0.971309 0.902302 0.057383 0.195396 
0 0.661046 0.924817 0.245165 0.150366 
0 0.785788 0.822228 0.228196 0.228007 
0 0.350382 0.956093 0.225972 0.087814 
0 0.054368 0.960321 0.108736 0.079358 
0 0.207133 0.841028 0.204041 0.237141 
0 0.089943 0.833694 0.166093 0.200910 
0 0.494656 0.723152 0.237550 0.227756 
0 0.613660 0.726406 0.219789 0.218032 
0 0.694053 0.596091 0.213976 0.233939 
0 0.793398 0.547736 0.198268 0.211338 
0 0.875672 0.485824 0.170197 0.178701 
0 0.949752 0.120253 0.100497 0.226175 
0 0.517624 0.458319 0.212091 0.241901 
0 0.276954 0.621127 0.217301 0.220023 
0 0.293627 0.500478 0.209797 0.195264 
0 0.319802 0.386809 0.204517 0.207753 
0 0.080279 0.550143 0.160557 0.208991 
0 0.075877 0.468728 0.149701 0.212109 
0 0.340535 0.183521 0.243887 0.229333 
0 0.109020 0.178245 0.200302 0.198320 
0 0.166786 0.029973 0.170761 0.059946 
0 0.390127 0.035110 0.240998 0.070220 
0 0.564462 0.057493 0.221626 0.102514 
