1 0.416403 0.654806 0.267312 0.364131 
0 0.878624 0.935763 0.242751 0.128475 
0 0.634198 0.920424 0.212862 0.159152 
0 0.086629 0.890284 0.173258 0.208088 
0 0.624245 0.738475 0.195660 0.188398 
0 0.873714 0.574382 0.215905 0.222326 
0 0.902804 0.468823 0.194392 0.179939 
0 0.662640 0.599797 0.198430 0.238911 
0 0.101318 0.667856 0.202636 0.218913 
0 0.650309 0.417782 0.225136 0.230143 
0 0.751874 0.319020 0.210960 0.201465 
0 0.896500 0.284676 0.201443 0.193489 
0 0.951548 0.117049 0.096903 0.174117 
0 0.764495 0.103309 0.222524 0.194286 
0 0.566294 0.203372 0.227941 0.211193 
0 0.456252 0.438031 0.208727 0.175790 
0 0.260307 0.487872 0.189442 0.208471 
0 0.096445 0.455983 0.192890 0.221322 
0 0.357829 0.270165 0.199012 0.195647 
0 0.499817 0.053437 0.205323 0.106874 
0 0.375764 0.126896 0.179049 0.210123 
0 0.175037 0.307913 0.144148 0.190235 
0 0.055855 0.260257 0.111709 0.206771 
0 0.191160 0.085440 0.197488 0.163420 
0 0.040817 0.072867 0.081635 0.140088 
