1 0.604907 0.329204 0.336400 0.355922 
0 0.933570 0.968475 0.132861 0.063050 
0 0.725981 0.974708 0.185140 0.050583 
0 0.966150 0.849783 0.067701 0.167656 
0 0.961213 0.693976 0.077575 0.174689 
0 0.430093 0.971124 0.213069 0.057753 
0 0.085154 0.979253 0.170307 0.041493 
0 0.812236 0.799130 0.200491 0.222555 
0 0.594563 0.882399 0.214888 0.221269 
0 0.278729 0.883154 0.217926 0.209788 
0 0.698659 0.695859 0.195453 0.190627 
0 0.658038 0.607787 0.205468 0.181797 
0 0.250119 0.669825 0.214822 0.205825 
0 0.073585 0.666945 0.137877 0.226787 
0 0.330382 0.647290 0.192569 0.179868 
0 0.919653 0.497598 0.160694 0.198831 
0 0.809602 0.432482 0.123256 0.226012 
0 0.965738 0.335893 0.068525 0.233353 
0 0.912708 0.281598 0.174583 0.197162 
0 0.961607 0.059345 0.076786 0.095067 
0 0.744722 0.109080 0.208731 0.206754 
0 0.658340 0.060974 0.154370 0.121948 
0 0.400221 0.024646 0.249190 0.049293 
0 0.091138 0.090592 0.182277 0.181185 
0 0.171221 0.141880 0.167969 0.228597 
0 0.050376 0.394538 0.100752 0.236942 
0 0.198659 0.432207 0.178824 0.230596 
