1 0.305082 0.676103 0.387397 0.376418 
0 0.841172 0.933882 0.213214 0.132236 
0 0.743238 0.855982 0.233375 0.214509 
0 0.570387 0.861000 0.166405 0.250053 
0 0.061778 0.553333 0.114871 0.245574 
0 0.371365 0.912785 0.213796 0.172386 
0 0.198521 0.942001 0.159901 0.114184 
0 0.094237 0.953922 0.183285 0.092156 
0 0.930220 0.775529 0.139559 0.200430 
0 0.942289 0.652711 0.115422 0.211647 
0 0.901677 0.472936 0.196647 0.202495 
0 0.596247 0.421692 0.213404 0.235709 
0 0.178498 0.411438 0.231759 0.174843 
0 0.312729 0.373082 0.176887 0.186985 
0 0.780510 0.305841 0.213157 0.192626 
0 0.963117 0.233626 0.073765 0.202235 
0 0.859487 0.087924 0.281025 0.175847 
0 0.675319 0.112803 0.256844 0.225607 
0 0.412050 0.171849 0.206956 0.228579 
0 0.177186 0.223678 0.262120 0.202059 
0 0.232602 0.062700 0.218578 0.120477 
0 0.061930 0.133429 0.121059 0.249146 
