1 0.465218 0.289190 0.360608 0.366650 
0 0.908183 0.963340 0.183633 0.073320 
0 0.922091 0.803505 0.155818 0.205613 
0 0.656933 0.873751 0.207370 0.191706 
0 0.420395 0.877770 0.228694 0.233635 
0 0.285903 0.849627 0.222507 0.201280 
0 0.151560 0.814634 0.187984 0.204953 
0 0.948626 0.579200 0.102747 0.212523 
0 0.888110 0.465130 0.222493 0.213756 
0 0.813685 0.633061 0.207687 0.207718 
0 0.725087 0.477175 0.152383 0.280801 
0 0.514405 0.544928 0.223224 0.186901 
0 0.354152 0.627369 0.203028 0.214637 
0 0.224997 0.618733 0.233287 0.207952 
0 0.028491 0.581556 0.056982 0.183959 
0 0.039822 0.334960 0.079644 0.224501 
0 0.161182 0.168938 0.223260 0.233424 
0 0.046426 0.065675 0.092852 0.119090 
0 0.320885 0.046725 0.206921 0.093451 
0 0.455977 0.033842 0.193379 0.067683 
0 0.738545 0.075216 0.239078 0.150432 
0 0.972663 0.097467 0.054674 0.151740 
