1 0.506952 0.514198 0.233138 0.229892 
0 0.738658 0.952665 0.217918 0.094670 
0 0.090722 0.942452 0.181445 0.115096 
0 0.061476 0.848938 0.122952 0.181440 
0 0.251962 0.883695 0.198417 0.223167 
0 0.450897 0.902709 0.194097 0.194581 
0 0.550367 0.844065 0.208454 0.233146 
0 0.672939 0.787246 0.218191 0.235665 
0 0.895482 0.737903 0.192089 0.173425 
0 0.894738 0.615439 0.203398 0.258174 
0 0.644749 0.671118 0.230892 0.183810 
0 0.330362 0.673553 0.188081 0.182154 
0 0.115034 0.640830 0.193780 0.230618 
0 0.733866 0.476829 0.197545 0.210819 
0 0.798467 0.251165 0.225898 0.216042 
0 0.913301 0.092235 0.173399 0.177521 
0 0.270236 0.422527 0.213421 0.207828 
0 0.070876 0.400935 0.141752 0.231028 
0 0.320434 0.199882 0.231068 0.200100 
0 0.190530 0.204479 0.180005 0.205120 
0 0.506707 0.082113 0.203424 0.164225 
0 0.294325 0.037570 0.191199 0.075139 
0 0.154883 0.047106 0.171192 0.094212 
