1 0.561571 0.457610 0.418052 0.359617 
0 0.727311 0.803437 0.249375 0.251083 
0 0.389471 0.878089 0.259398 0.194145 
0 0.223072 0.913682 0.212765 0.172637 
0 0.109126 0.971075 0.194445 0.057849 
0 0.061663 0.821940 0.123327 0.192463 
0 0.384697 0.711497 0.255690 0.204781 
0 0.954092 0.553558 0.091817 0.228496 
0 0.800013 0.623707 0.220049 0.181885 
0 0.297615 0.564288 0.225285 0.198510 
0 0.052717 0.510107 0.105434 0.247569 
0 0.171950 0.389839 0.233855 0.228020 
0 0.020557 0.308724 0.041115 0.141369 
0 0.060613 0.115569 0.121226 0.212184 
0 0.247019 0.207236 0.185342 0.205490 
0 0.413541 0.212864 0.190922 0.220340 
0 0.534348 0.075881 0.202363 0.151762 
0 0.346128 0.020560 0.167832 0.041119 
0 0.796831 0.221443 0.220802 0.208573 
0 0.935906 0.159060 0.128188 0.228579 
