1 0.716958 0.344827 0.342649 0.432061 
0 0.921358 0.896473 0.157285 0.207053 
0 0.808710 0.955287 0.183418 0.089425 
0 0.611588 0.972896 0.186562 0.054207 
0 0.156728 0.968338 0.220789 0.063324 
0 0.685846 0.860232 0.217689 0.172610 
0 0.489191 0.841522 0.187654 0.216099 
0 0.264258 0.869799 0.232724 0.198809 
0 0.908934 0.673482 0.182132 0.205882 
0 0.685084 0.667779 0.248903 0.193621 
0 0.436201 0.715940 0.218327 0.184047 
0 0.160909 0.735701 0.212928 0.203037 
0 0.024340 0.690796 0.048681 0.165776 
0 0.271414 0.559021 0.244103 0.201152 
0 0.958535 0.480561 0.082930 0.186954 
0 0.948305 0.262855 0.103390 0.194053 
0 0.870746 0.076797 0.189491 0.153594 
0 0.645714 0.066248 0.211215 0.129166 
0 0.057997 0.536083 0.115994 0.170664 
0 0.152896 0.378030 0.237356 0.229284 
0 0.241309 0.292808 0.224101 0.214447 
0 0.413662 0.146528 0.196977 0.206987 
0 0.233032 0.101384 0.254466 0.180987 
0 0.024422 0.321431 0.048844 0.251471 
0 0.047934 0.054831 0.095868 0.109661 
0 0.421380 0.024534 0.134825 0.041855 
