1 0.433788 0.796992 0.374022 0.328094 
0 0.938671 0.781776 0.122657 0.249450 
0 0.782043 0.788415 0.165613 0.213985 
0 0.667762 0.812808 0.146103 0.225153 
0 0.057336 0.927684 0.114673 0.144633 
0 0.140037 0.770060 0.202865 0.226378 
0 0.060602 0.602192 0.121204 0.264630 
0 0.722097 0.574714 0.234428 0.211867 
0 0.921719 0.330083 0.156563 0.227668 
0 0.798126 0.380714 0.238039 0.213531 
0 0.538380 0.407754 0.214822 0.203068 
0 0.159683 0.377642 0.216685 0.220512 
0 0.324388 0.237669 0.219644 0.230218 
0 0.312460 0.053012 0.207309 0.106024 
0 0.496897 0.124218 0.186078 0.186861 
0 0.695438 0.072089 0.224198 0.144179 
0 0.908375 0.088531 0.183250 0.177063 
0 0.530239 0.030471 0.171562 0.053763 
