1 0.603992 0.542105 0.290685 0.349261 
0 0.590222 0.900318 0.244941 0.199365 
0 0.377427 0.731544 0.200531 0.215031 
0 0.066137 0.878970 0.132275 0.239553 
0 0.160671 0.749421 0.234475 0.256090 
0 0.124900 0.520821 0.222478 0.178202 
0 0.364961 0.483322 0.212082 0.263118 
0 0.140158 0.331771 0.262357 0.214365 
0 0.534739 0.182678 0.213075 0.300576 
0 0.343575 0.147357 0.188425 0.291369 
0 0.143513 0.125841 0.224534 0.240989 
0 0.678555 0.034019 0.207405 0.068038 
0 0.454962 0.978256 0.176160 0.043488 
