1 0.551118 0.368537 0.407496 0.438033 
0 0.966414 0.939436 0.067173 0.121129 
0 0.764594 0.859681 0.221110 0.214985 
0 0.867509 0.651062 0.233186 0.243042 
0 0.613836 0.704345 0.223806 0.220873 
0 0.369108 0.828473 0.225858 0.217429 
0 0.161876 0.882172 0.240853 0.235657 
0 0.053824 0.730077 0.107649 0.217226 
0 0.037484 0.562463 0.074967 0.192357 
0 0.027242 0.358153 0.054485 0.204019 
0 0.144078 0.218246 0.267941 0.245812 
0 0.111440 0.040934 0.207335 0.081868 
0 0.328495 0.032029 0.206102 0.064059 
0 0.902423 0.133779 0.195154 0.217706 
0 0.298027 0.609172 0.209066 0.208965 
