1 0.346378 0.442313 0.448143 0.413333 
0 0.893456 0.822017 0.213089 0.261650 
0 0.520630 0.823772 0.267193 0.267995 
0 0.170501 0.888660 0.273697 0.217346 
0 0.185467 0.730934 0.257029 0.201375 
0 0.597451 0.643656 0.224147 0.178420 
0 0.807967 0.573132 0.208052 0.222319 
0 0.952375 0.487185 0.095250 0.219147 
0 0.896140 0.346476 0.207720 0.200700 
0 0.592640 0.240341 0.219794 0.212980 
0 0.766933 0.173853 0.210491 0.217930 
0 0.895639 0.103835 0.202715 0.207669 
0 0.100081 0.588700 0.192924 0.199925 
0 0.044487 0.421510 0.088973 0.184902 
0 0.069198 0.227827 0.138396 0.191324 
0 0.213062 0.231134 0.186233 0.215040 
0 0.326167 0.088841 0.226567 0.177682 
0 0.147332 0.030047 0.196019 0.060093 
