1 0.365468 0.526106 0.381311 0.356151 
0 0.897588 0.941549 0.204825 0.116901 
0 0.792762 0.975959 0.211043 0.048082 
0 0.784932 0.914347 0.194687 0.170567 
0 0.956168 0.784214 0.087664 0.235132 
0 0.913668 0.751852 0.172663 0.222533 
0 0.831115 0.717361 0.177626 0.204715 
0 0.481316 0.972731 0.198356 0.054538 
0 0.612814 0.873430 0.198624 0.226558 
0 0.528053 0.837880 0.179837 0.206137 
0 0.485489 0.777476 0.201892 0.195938 
0 0.940010 0.479953 0.119980 0.281356 
0 0.628422 0.638130 0.185897 0.187795 
0 0.688390 0.600845 0.195154 0.216759 
0 0.102366 0.917592 0.204732 0.164816 
0 0.202806 0.897519 0.231217 0.203808 
0 0.269784 0.803413 0.209515 0.183902 
0 0.093499 0.656094 0.177952 0.187267 
0 0.066483 0.359278 0.132967 0.167480 
0 0.037600 0.230744 0.075201 0.207313 
0 0.102395 0.032972 0.204790 0.065944 
0 0.189052 0.183063 0.208053 0.199712 
0 0.651161 0.401571 0.149684 0.205331 
0 0.769166 0.346077 0.238198 0.196321 
0 0.576456 0.309869 0.182911 0.195423 
0 0.962767 0.132172 0.074465 0.172839 
0 0.916297 0.139253 0.167405 0.211955 
0 0.754021 0.229024 0.198800 0.179670 
0 0.708038 0.143529 0.204389 0.195361 
0 0.405303 0.190900 0.225946 0.176208 
0 0.479696 0.095093 0.205648 0.170862 
0 0.670516 0.019371 0.208308 0.038741 
