1 0.460044 0.418381 0.411570 0.397632 
0 0.976411 0.858536 0.047179 0.177710 
0 0.901007 0.697140 0.197986 0.224686 
0 0.819093 0.820682 0.219578 0.207115 
0 0.924641 0.978524 0.150719 0.042951 
0 0.631214 0.978621 0.181387 0.042757 
0 0.583716 0.840304 0.225906 0.218323 
0 0.500958 0.791104 0.216544 0.209268 
0 0.244290 0.880608 0.252391 0.238783 
0 0.043207 0.826603 0.086413 0.229993 
0 0.770518 0.497252 0.200606 0.239343 
0 0.712659 0.617441 0.199681 0.211329 
0 0.224768 0.627682 0.246208 0.254342 
0 0.072622 0.538331 0.145245 0.228069 
0 0.146454 0.252021 0.205754 0.193084 
0 0.133847 0.153037 0.212452 0.190895 
0 0.436128 0.112116 0.236819 0.211347 
0 0.268481 0.041511 0.215469 0.074840 
