0 0.721925 0.966161 0.227233 0.067678 
0 0.869056 0.856435 0.213709 0.230172 
0 0.929785 0.701265 0.140429 0.212496 
0 0.763722 0.799959 0.199046 0.192619 
0 0.852572 0.593059 0.197222 0.211361 
0 0.309189 0.851923 0.196302 0.170590 
0 0.151936 0.886714 0.188799 0.217373 
0 0.134280 0.607638 0.171948 0.201402 
0 0.778153 0.390044 0.195499 0.209985 
0 0.817589 0.291285 0.211671 0.236704 
0 0.957189 0.193884 0.085623 0.208955 
0 0.556666 0.300394 0.191456 0.187837 
0 0.293370 0.410541 0.221831 0.198508 
0 0.110323 0.321042 0.209670 0.218431 
0 0.231449 0.211890 0.218039 0.208731 
0 0.542237 0.117971 0.258993 0.189834 
0 0.627033 0.058464 0.230756 0.116928 
0 0.407538 0.036891 0.196912 0.073781 
0 0.126379 0.050540 0.213558 0.101079 
0 0.037832 0.131495 0.074169 0.228905 
1 0.565207 0.605018 0.397626 0.397900 
