1 0.456289 0.505593 0.345868 0.345520 
0 0.912098 0.950989 0.175803 0.098022 
0 0.763511 0.877722 0.215253 0.203962 
0 0.941096 0.777522 0.117808 0.214949 
0 0.847238 0.787766 0.198536 0.222339 
0 0.550198 0.891453 0.195246 0.217094 
0 0.169616 0.956313 0.224088 0.087373 
0 0.631751 0.714571 0.207969 0.214505 
0 0.412803 0.782600 0.208066 0.212844 
0 0.162537 0.766922 0.211162 0.214544 
0 0.208064 0.661270 0.213223 0.217332 
0 0.174220 0.469146 0.211541 0.209810 
0 0.104606 0.358651 0.209211 0.232442 
0 0.024805 0.684935 0.049610 0.199413 
0 0.772229 0.514040 0.247635 0.239721 
0 0.915947 0.362145 0.168105 0.223876 
0 0.773673 0.283892 0.217028 0.248811 
0 0.588474 0.098775 0.227945 0.190512 
0 0.492392 0.034449 0.203341 0.068899 
0 0.287482 0.030409 0.181414 0.060818 
0 0.127376 0.148570 0.235507 0.211396 
