1 0.741729 0.323743 0.393091 0.400798 
0 0.927679 0.934232 0.144641 0.131535 
0 0.665560 0.965222 0.210383 0.069555 
0 0.069152 0.921424 0.138304 0.152978 
0 0.464095 0.895447 0.261653 0.198827 
0 0.811051 0.810124 0.232719 0.217081 
0 0.962049 0.727153 0.075901 0.191076 
0 0.912046 0.559955 0.175909 0.204878 
0 0.524836 0.783641 0.241699 0.214927 
0 0.290626 0.852877 0.231072 0.235322 
0 0.117956 0.868194 0.194744 0.177261 
0 0.171846 0.686293 0.228734 0.205582 
0 0.325342 0.552897 0.215967 0.248208 
0 0.537167 0.524955 0.227606 0.187134 
0 0.455349 0.364105 0.223286 0.199787 
0 0.333859 0.261805 0.196995 0.221591 
0 0.098365 0.523609 0.196731 0.151133 
0 0.166009 0.362312 0.220239 0.169946 
0 0.119563 0.265094 0.199897 0.218032 
0 0.508033 0.081926 0.188513 0.156840 
0 0.845225 0.047434 0.123071 0.087162 
