1 0.477113 0.344710 0.394553 0.393664 
0 0.904907 0.954285 0.190186 0.091429 
0 0.670364 0.953413 0.223048 0.093173 
0 0.947840 0.813009 0.104319 0.206265 
0 0.751920 0.854275 0.214029 0.208551 
0 0.530294 0.831754 0.206498 0.219208 
0 0.448891 0.859456 0.214298 0.214095 
0 0.111086 0.915276 0.212422 0.169448 
0 0.978901 0.586481 0.042198 0.133064 
0 0.971443 0.495380 0.057114 0.157703 
0 0.783652 0.641530 0.224400 0.199976 
0 0.686606 0.532811 0.237845 0.183796 
0 0.429447 0.649197 0.218534 0.183717 
0 0.330107 0.599356 0.186866 0.173760 
0 0.277399 0.692283 0.156959 0.174526 
0 0.090870 0.695969 0.181740 0.233529 
0 0.076575 0.596388 0.153150 0.182770 
0 0.188782 0.463525 0.196105 0.220261 
0 0.108023 0.198087 0.197558 0.214099 
0 0.176699 0.229460 0.190358 0.207635 
0 0.782256 0.334240 0.179155 0.195246 
0 0.968435 0.250912 0.063130 0.181132 
0 0.756055 0.186483 0.173769 0.208921 
0 0.924962 0.070539 0.150076 0.128334 
0 0.913488 0.107869 0.173024 0.145866 
0 0.707119 0.063909 0.222335 0.127818 
