0 0.950800 0.920280 0.098399 0.159441 
0 0.837211 0.954048 0.208308 0.091904 
0 0.798062 0.824695 0.208426 0.225446 
0 0.578487 0.908880 0.252666 0.173944 
0 0.590976 0.808405 0.212711 0.201233 
0 0.366162 0.841972 0.203244 0.230601 
0 0.263380 0.844374 0.208180 0.213326 
0 0.075917 0.867466 0.151833 0.230838 
0 0.110109 0.680957 0.215377 0.232565 
0 0.317222 0.629086 0.211858 0.215810 
0 0.542631 0.602638 0.240647 0.218686 
0 0.508804 0.496759 0.264618 0.191894 
0 0.892213 0.503049 0.215573 0.237210 
0 0.790624 0.359548 0.250251 0.238769 
0 0.929432 0.269515 0.141136 0.231061 
0 0.853534 0.106212 0.227014 0.210938 
0 0.709069 0.152706 0.241157 0.214151 
0 0.208629 0.415626 0.239129 0.239908 
0 0.105982 0.449330 0.192755 0.217852 
0 0.307329 0.137437 0.230651 0.209930 
0 0.094418 0.130194 0.184068 0.240378 
1 0.094418 0.130194 0.184068 0.240378 
1 0.515187 0.277907 0.269709 0.282987 
