1 0.345349 0.227595 0.356275 0.370627 
0 0.614182 0.901069 0.209022 0.197862 
0 0.800825 0.968400 0.185923 0.063200 
0 0.979412 0.916126 0.041176 0.153357 
0 0.953077 0.712329 0.093847 0.217940 
0 0.974535 0.509770 0.050931 0.159619 
0 0.981838 0.364153 0.036323 0.108917 
0 0.969891 0.286973 0.060219 0.160914 
0 0.912537 0.016006 0.149534 0.032012 
0 0.870336 0.149763 0.212717 0.217068 
0 0.829541 0.228905 0.200337 0.213826 
0 0.702757 0.447367 0.215733 0.230222 
0 0.813374 0.471260 0.214791 0.241280 
0 0.800966 0.673368 0.191155 0.192388 
0 0.697633 0.710420 0.215650 0.220190 
0 0.439220 0.935725 0.214306 0.128550 
0 0.127506 0.981863 0.129888 0.030620 
0 0.081106 0.936359 0.162213 0.127281 
0 0.287054 0.822856 0.199567 0.190076 
0 0.167806 0.800495 0.214875 0.207291 
0 0.036094 0.699978 0.067670 0.190367 
0 0.496023 0.591821 0.259953 0.237273 
0 0.397154 0.629289 0.185866 0.241122 
0 0.227322 0.536806 0.214888 0.218543 
0 0.149928 0.522015 0.215645 0.206701 
0 0.069181 0.318540 0.138361 0.224805 
0 0.202951 0.087323 0.196092 0.174645 
0 0.457672 0.026939 0.169272 0.048302 
0 0.049973 0.099345 0.099946 0.198690 
