1 0.527474 0.688764 0.377550 0.365787 
0 0.840628 0.916696 0.217896 0.166608 
0 0.795615 0.837864 0.193084 0.228531 
0 0.837591 0.712814 0.226725 0.237132 
0 0.980590 0.636639 0.038820 0.181986 
0 0.776166 0.376310 0.195546 0.236599 
0 0.939757 0.282505 0.120486 0.207353 
0 0.921879 0.227694 0.156241 0.190627 
0 0.812575 0.046824 0.228069 0.093649 
0 0.802858 0.101943 0.197854 0.161011 
0 0.121266 0.933032 0.242531 0.133935 
0 0.323397 0.899094 0.212792 0.201813 
0 0.136104 0.642530 0.213760 0.190534 
0 0.225911 0.656188 0.227919 0.232992 
0 0.595505 0.117736 0.198576 0.235472 
0 0.497791 0.097313 0.199633 0.194625 
0 0.101503 0.100470 0.156853 0.200844 
0 0.217863 0.118680 0.246860 0.207115 
0 0.143800 0.305890 0.206349 0.171038 
0 0.249683 0.338225 0.212215 0.197889 
0 0.370852 0.387754 0.220732 0.229487 
0 0.145797 0.420536 0.212245 0.204640 
