1 0.647744 0.625859 0.599788 0.411508 
0 0.883894 0.752981 0.232213 0.192459 
0 0.974204 0.587642 0.049980 0.191314 
0 0.102901 0.955582 0.205803 0.088835 
0 0.330648 0.968658 0.232332 0.062685 
0 0.445484 0.898629 0.239439 0.198963 
0 0.281717 0.734972 0.212629 0.245477 
0 0.115708 0.726049 0.213439 0.235657 
0 0.035350 0.597099 0.070700 0.168409 
0 0.122107 0.478265 0.241122 0.228240 
0 0.839742 0.340440 0.215518 0.184087 
0 0.574349 0.301699 0.225290 0.216165 
0 0.439563 0.269844 0.190622 0.228941 
0 0.212389 0.296375 0.219353 0.203306 
0 0.842977 0.031149 0.228003 0.062297 
0 0.846657 0.133916 0.262542 0.183268 
0 0.687958 0.179152 0.210356 0.206036 
0 0.475151 0.075897 0.195194 0.151793 
0 0.228020 0.066435 0.255980 0.132870 
0 0.244266 0.149979 0.246556 0.173355 
