1 0.553067 0.443613 0.276177 0.335462 
0 0.909117 0.938150 0.181766 0.123701 
0 0.707227 0.953504 0.201597 0.092993 
0 0.387254 0.963384 0.219644 0.073232 
0 0.596932 0.895150 0.232926 0.202900 
0 0.945123 0.778346 0.109754 0.202962 
0 0.936853 0.605105 0.126295 0.201923 
0 0.670739 0.737920 0.223083 0.225620 
0 0.775274 0.590870 0.190089 0.222978 
0 0.051074 0.818485 0.102148 0.226113 
0 0.156505 0.823972 0.163666 0.298813 
0 0.296078 0.751938 0.224052 0.281778 
0 0.468607 0.595459 0.231156 0.232728 
0 0.264835 0.553413 0.223000 0.210413 
0 0.027573 0.402566 0.055146 0.193062 
0 0.191455 0.376511 0.281567 0.207960 
0 0.141211 0.214676 0.217050 0.174200 
0 0.047729 0.086167 0.095459 0.153220 
0 0.219798 0.072162 0.213791 0.144324 
0 0.430051 0.137945 0.238466 0.197052 
0 0.537096 0.032243 0.213893 0.064486 
0 0.658811 0.184118 0.239937 0.206058 
0 0.944667 0.436130 0.110665 0.197558 
0 0.977939 0.267767 0.044123 0.135583 
0 0.776417 0.060195 0.240342 0.120389 
0 0.893199 0.151186 0.202513 0.235978 
