1 0.580571 0.257480 0.242738 0.316406 
0 0.731504 0.914849 0.236366 0.159223 
0 0.783718 0.821389 0.238722 0.195097 
0 0.504534 0.884054 0.216438 0.207291 
0 0.096749 0.978870 0.159615 0.042260 
0 0.231409 0.842993 0.237515 0.247384 
0 0.602648 0.662387 0.211858 0.216147 
0 0.821971 0.631912 0.217002 0.198849 
0 0.875423 0.503913 0.193163 0.227835 
0 0.978516 0.372289 0.042969 0.242659 
0 0.869204 0.339562 0.192987 0.233952 
0 0.704499 0.384400 0.204543 0.249582 
0 0.773391 0.136866 0.184237 0.253510 
0 0.915269 0.120733 0.161896 0.207009 
0 0.051968 0.660594 0.103936 0.197334 
0 0.079724 0.443124 0.159447 0.221357 
0 0.255831 0.482008 0.187711 0.209515 
0 0.324864 0.360560 0.226778 0.237334 
0 0.140759 0.221267 0.219485 0.229562 
0 0.440325 0.044966 0.239585 0.089932 
0 0.419889 0.107277 0.219208 0.154678 
0 0.204671 0.066774 0.219278 0.122732 
