0 0.810007 0.894853 0.245916 0.210295 
0 0.487871 0.966710 0.201119 0.066579 
0 0.168937 0.937521 0.229329 0.124959 
0 0.688744 0.844156 0.227009 0.209452 
0 0.870756 0.700857 0.213353 0.205181 
0 0.914147 0.573651 0.171706 0.239384 
0 0.800986 0.476125 0.214967 0.233272 
0 0.670888 0.635171 0.211270 0.185472 
0 0.440340 0.652777 0.222998 0.218887 
0 0.243384 0.794229 0.251190 0.231626 
0 0.073806 0.727479 0.147612 0.207264 
0 0.193612 0.554024 0.191958 0.200021 
0 0.524800 0.507746 0.232561 0.225181 
0 0.606180 0.379875 0.239480 0.227324 
0 0.971968 0.288992 0.056064 0.179829 
0 0.815219 0.255253 0.204834 0.205336 
0 0.911209 0.103087 0.177582 0.195873 
0 0.336503 0.402715 0.198111 0.208016 
0 0.021548 0.949918 0.043096 0.100163 
0 0.147836 0.335917 0.215331 0.212729 
0 0.075889 0.378863 0.144549 0.238227 
0 0.546850 0.180435 0.207250 0.209151 
0 0.594135 0.091375 0.212036 0.171164 
0 0.415063 0.038584 0.202054 0.072145 
0 0.320085 0.181511 0.236344 0.220765 
0 0.194670 0.111943 0.224758 0.220532 
0 0.087259 0.068781 0.168466 0.137562 
