1 0.515397 0.395596 0.274294 0.289568 
0 0.934970 0.894828 0.130059 0.210345 
0 0.643342 0.934640 0.222269 0.130720 
0 0.396400 0.882013 0.215541 0.210432 
0 0.170751 0.816210 0.218417 0.246025 
0 0.232180 0.733441 0.219611 0.227556 
0 0.066087 0.641229 0.125511 0.193776 
0 0.308692 0.544457 0.202829 0.198745 
0 0.263268 0.490034 0.235952 0.233851 
0 0.649566 0.764474 0.231061 0.217487 
0 0.526122 0.707122 0.209825 0.232816 
0 0.922388 0.638376 0.155224 0.191133 
0 0.734512 0.568888 0.224666 0.207059 
0 0.762496 0.437053 0.222182 0.193116 
0 0.947664 0.433983 0.104671 0.215491 
0 0.952567 0.222376 0.094867 0.208754 
0 0.779625 0.214541 0.182463 0.240460 
0 0.684485 0.208358 0.207031 0.233381 
0 0.855460 0.081186 0.235715 0.159837 
0 0.609817 0.050253 0.210418 0.100505 
0 0.416779 0.114792 0.249626 0.203458 
0 0.197530 0.199394 0.176492 0.206858 
0 0.167827 0.071345 0.205951 0.142690 
0 0.050932 0.298561 0.101863 0.222861 
0 0.036603 0.192885 0.071776 0.208554 
