1 0.452299 0.551902 0.346573 0.355962 
0 0.950452 0.922745 0.099096 0.154510 
0 0.863605 0.911748 0.155823 0.176503 
0 0.709053 0.954158 0.123969 0.091685 
0 0.556693 0.911779 0.188095 0.176442 
0 0.106741 0.889236 0.213483 0.205966 
0 0.184646 0.869960 0.202685 0.187786 
0 0.076910 0.648545 0.153819 0.241866 
0 0.516129 0.830318 0.221221 0.181731 
0 0.924513 0.713505 0.150974 0.188302 
0 0.803318 0.718164 0.214144 0.194634 
0 0.692956 0.653207 0.185545 0.226395 
0 0.874313 0.564521 0.175521 0.224889 
0 0.771969 0.501825 0.172452 0.191301 
0 0.937507 0.400314 0.124987 0.203979 
0 0.060340 0.356118 0.120680 0.244473 
0 0.176858 0.133209 0.199826 0.192380 
0 0.266543 0.189902 0.236167 0.154977 
0 0.602798 0.328821 0.207938 0.210893 
0 0.531017 0.243095 0.205961 0.226087 
0 0.476712 0.060212 0.276432 0.120424 
0 0.699058 0.103540 0.210634 0.207080 
0 0.867487 0.248831 0.187791 0.174865 
0 0.906058 0.167293 0.187883 0.192428 
0 0.930372 0.032987 0.139255 0.065975 
