1 0.491131 0.231096 0.362986 0.377409 
0 0.940873 0.934140 0.118253 0.131720 
0 0.562491 0.941483 0.209889 0.117033 
0 0.494075 0.879780 0.217926 0.209462 
0 0.420505 0.832727 0.219437 0.210400 
0 0.258823 0.946746 0.215971 0.106508 
0 0.080728 0.948201 0.155404 0.103597 
0 0.175651 0.851270 0.210731 0.201139 
0 0.135516 0.676873 0.180436 0.200967 
0 0.297648 0.687438 0.223158 0.203257 
0 0.933506 0.631401 0.132989 0.209436 
0 0.899728 0.586155 0.200544 0.193608 
0 0.767737 0.615813 0.172928 0.188134 
0 0.564458 0.637038 0.202689 0.191142 
0 0.904898 0.349821 0.190204 0.201121 
0 0.702059 0.478828 0.195092 0.170400 
0 0.701714 0.396189 0.193767 0.228892 
0 0.412664 0.447948 0.221467 0.196964 
0 0.298198 0.523515 0.207181 0.199985 
0 0.081364 0.509711 0.162728 0.212831 
0 0.085977 0.284258 0.171954 0.198061 
0 0.074217 0.184393 0.148433 0.187249 
0 0.828993 0.190774 0.256236 0.217997 
0 0.842909 0.036532 0.229953 0.073065 
0 0.057354 0.108556 0.114708 0.189209 
0 0.014156 0.700315 0.028313 0.115038 
0 0.763982 0.972654 0.160328 0.054692 
