1 0.486980 0.462415 0.330173 0.346978 
0 0.735188 0.887870 0.244570 0.221802 
0 0.266889 0.915241 0.241738 0.169448 
0 0.064180 0.951676 0.128360 0.096648 
0 0.110038 0.796397 0.209445 0.231270 
0 0.564418 0.745962 0.239708 0.230685 
0 0.331318 0.711244 0.232015 0.257544 
0 0.205811 0.564638 0.239818 0.230786 
0 0.740554 0.575073 0.200192 0.231310 
0 0.966429 0.460638 0.067142 0.197338 
0 0.881822 0.302895 0.203856 0.232182 
0 0.959006 0.175570 0.081987 0.194916 
0 0.937493 0.039956 0.125013 0.079913 
0 0.805703 0.102054 0.204600 0.201104 
0 0.646429 0.292804 0.261952 0.241804 
0 0.384035 0.150860 0.258610 0.250414 
0 0.252999 0.331815 0.238109 0.232922 
0 0.130644 0.147533 0.218490 0.250771 
