1 0.334768 0.306442 0.324301 0.330951 
0 0.870321 0.942049 0.252119 0.115902 
0 0.685629 0.937995 0.214160 0.124011 
0 0.284922 0.932062 0.237944 0.135876 
0 0.484968 0.861467 0.256937 0.266181 
0 0.714841 0.753403 0.266578 0.229913 
0 0.928733 0.773583 0.142535 0.251349 
0 0.876561 0.585486 0.211453 0.176178 
0 0.948339 0.417996 0.103322 0.236298 
0 0.777086 0.475879 0.225336 0.260246 
0 0.591074 0.563266 0.212980 0.244931 
0 0.330837 0.656585 0.241987 0.231791 
0 0.098951 0.884002 0.197901 0.201511 
0 0.099056 0.670984 0.198111 0.216950 
0 0.093189 0.462560 0.171045 0.213691 
0 0.185581 0.464418 0.186616 0.253305 
0 0.418855 0.504038 0.239093 0.218157 
0 0.876930 0.256621 0.227397 0.218937 
0 0.631005 0.245435 0.246076 0.246595 
0 0.797016 0.112711 0.216380 0.214475 
0 0.959169 0.167335 0.081662 0.221521 
0 0.533358 0.108395 0.224972 0.212542 
0 0.107381 0.156510 0.210040 0.226727 
