1 0.457872 0.508176 0.377572 0.417669 
0 0.927367 0.962690 0.145267 0.074620 
0 0.615765 0.956166 0.185791 0.087668 
0 0.137084 0.902535 0.232023 0.194929 
0 0.933876 0.718517 0.132249 0.210479 
0 0.766552 0.799042 0.209145 0.182374 
0 0.390953 0.980352 0.176319 0.039296 
0 0.430013 0.867091 0.190459 0.180357 
0 0.348515 0.837012 0.181423 0.207758 
0 0.027445 0.833496 0.054890 0.173456 
0 0.130509 0.499690 0.246477 0.230495 
0 0.048584 0.226551 0.097167 0.268466 
0 0.819815 0.670785 0.215817 0.218649 
0 0.931079 0.480006 0.137842 0.232332 
0 0.766248 0.397682 0.233463 0.216623 
0 0.957938 0.269573 0.084123 0.194630 
0 0.852789 0.150329 0.198858 0.200399 
0 0.751731 0.107514 0.205626 0.170144 
0 0.934501 0.021073 0.130998 0.042145 
0 0.513427 0.157485 0.229672 0.179005 
0 0.558805 0.036508 0.260226 0.060369 
0 0.301257 0.094267 0.226836 0.188535 
0 0.088732 0.050345 0.177464 0.100691 
