1 0.650703 0.634611 0.378360 0.345375 
1 0.773843 0.297547 0.338298 0.347559 
0 0.940724 0.953885 0.118553 0.092231 
0 0.823532 0.921835 0.265035 0.156329 
0 0.518950 0.913631 0.163693 0.172738 
0 0.457425 0.865391 0.168506 0.194176 
0 0.277914 0.953620 0.224999 0.092759 
0 0.096210 0.911742 0.192419 0.176517 
0 0.245587 0.908267 0.223568 0.151776 
0 0.031741 0.730418 0.063482 0.171421 
0 0.287680 0.729242 0.203416 0.199994 
0 0.364713 0.536781 0.185254 0.170545 
0 0.149624 0.563031 0.232530 0.261639 
0 0.086816 0.549150 0.156034 0.214764 
0 0.027106 0.335625 0.054212 0.187077 
0 0.135464 0.387710 0.188592 0.205847 
0 0.375388 0.412116 0.220767 0.180762 
0 0.507165 0.379699 0.228976 0.201064 
0 0.930185 0.561591 0.139630 0.237920 
0 0.960123 0.043960 0.079754 0.087919 
0 0.902104 0.070709 0.195793 0.131130 
0 0.692523 0.034223 0.224021 0.068445 
0 0.491789 0.083366 0.214888 0.166731 
0 0.307722 0.211237 0.210647 0.196387 
0 0.251271 0.158161 0.251880 0.234384 
0 0.133392 0.115226 0.208123 0.204776 
