1 0.466115 0.760930 0.398939 0.459898 
0 0.466115 0.760930 0.398939 0.459898 
0 0.895131 0.930939 0.209739 0.138123 
0 0.901291 0.686374 0.197418 0.335381 
0 0.762601 0.764490 0.182263 0.332072 
0 0.163208 0.901330 0.208545 0.197341 
0 0.039509 0.661740 0.079018 0.229411 
0 0.147123 0.515023 0.230378 0.224703 
0 0.654087 0.514857 0.190431 0.212018 
0 0.354512 0.461829 0.188822 0.224935 
0 0.856925 0.350897 0.209110 0.195896 
0 0.615025 0.250005 0.199365 0.195859 
0 0.413839 0.242698 0.183972 0.195440 
0 0.209780 0.301481 0.213773 0.204789 
0 0.058628 0.157779 0.117156 0.222091 
0 0.240683 0.091831 0.225186 0.180946 
0 0.581521 0.071206 0.244904 0.142412 
0 0.839821 0.129412 0.215222 0.229963 
0 0.028795 0.404832 0.057591 0.232105 
