1 0.602274 0.488554 0.350448 0.352734 
0 0.788442 0.970459 0.209537 0.059083 
0 0.842435 0.891627 0.202407 0.196823 
0 0.793149 0.804525 0.227787 0.220785 
0 0.805716 0.647405 0.204345 0.252365 
0 0.866848 0.453968 0.170131 0.223211 
0 0.955047 0.609470 0.082894 0.196814 
0 0.966759 0.231660 0.066481 0.223916 
0 0.826436 0.167191 0.204477 0.207780 
0 0.565517 0.219400 0.195682 0.170919 
0 0.401529 0.086684 0.222511 0.170928 
0 0.334834 0.235749 0.230319 0.163922 
0 0.207251 0.160191 0.178181 0.175918 
0 0.086554 0.061888 0.164177 0.123776 
0 0.063128 0.339295 0.126255 0.231244 
0 0.088485 0.415549 0.176970 0.202856 
0 0.345987 0.672716 0.225444 0.195004 
0 0.500513 0.820385 0.195246 0.207278 
0 0.283943 0.828605 0.208379 0.212646 
0 0.449278 0.964053 0.213505 0.070748 
0 0.196753 0.960618 0.213007 0.075698 
0 0.085841 0.875057 0.171681 0.206965 
