1 0.463426 0.432590 0.307506 0.344604 
0 0.853597 0.886223 0.267704 0.214033 
0 0.622571 0.931564 0.249925 0.136873 
0 0.219919 0.959579 0.222762 0.080842 
0 0.036508 0.901826 0.073016 0.193018 
0 0.202046 0.806557 0.268347 0.210942 
0 0.067258 0.644124 0.134517 0.220833 
0 0.466207 0.792801 0.231799 0.229892 
0 0.952671 0.715830 0.094657 0.186531 
0 0.726016 0.697992 0.211765 0.241558 
0 0.904072 0.613783 0.191855 0.236885 
0 0.563368 0.631727 0.215051 0.212659 
0 0.316776 0.598255 0.186954 0.247886 
0 0.225217 0.590284 0.169246 0.215121 
0 0.074637 0.415102 0.149274 0.225823 
0 0.949373 0.389282 0.101254 0.213333 
0 0.914091 0.236299 0.171818 0.222934 
0 0.764956 0.382304 0.251127 0.245979 
0 0.670094 0.242544 0.218931 0.220177 
0 0.242903 0.287616 0.205041 0.215355 
0 0.830563 0.080664 0.223511 0.159628 
0 0.681033 0.060981 0.238246 0.121961 
0 0.505126 0.025419 0.149556 0.050839 
0 0.185906 0.085301 0.240708 0.170602 
0 0.025175 0.076282 0.050350 0.143783 
0 0.012630 0.290842 0.025261 0.121036 
