1 0.505740 0.204252 0.373903 0.313346 
0 0.502673 0.974812 0.177442 0.050376 
0 0.800621 0.977970 0.172373 0.044061 
0 0.592233 0.925174 0.243310 0.149653 
0 0.200502 0.945478 0.206556 0.109045 
0 0.042363 0.931293 0.084726 0.137415 
0 0.078827 0.838364 0.151939 0.204640 
0 0.346599 0.844825 0.212866 0.215658 
0 0.857860 0.840590 0.209537 0.227835 
0 0.720617 0.759951 0.240646 0.221731 
0 0.452264 0.668092 0.223026 0.182532 
0 0.200401 0.669288 0.204301 0.179392 
0 0.222093 0.560265 0.208119 0.184818 
0 0.884488 0.592759 0.231024 0.211809 
0 0.825760 0.467801 0.180868 0.173042 
0 0.644778 0.557750 0.197858 0.192181 
0 0.510906 0.503966 0.180352 0.149041 
0 0.108507 0.359681 0.217015 0.195449 
0 0.210380 0.294759 0.218006 0.175156 
0 0.062910 0.157181 0.125819 0.177913 
0 0.778387 0.287398 0.146667 0.181784 
0 0.926026 0.258768 0.147949 0.218186 
0 0.794686 0.089756 0.199487 0.179141 
0 0.965220 0.068033 0.069559 0.129523 
