0 0.851022 0.946197 0.288867 0.107606 
0 0.620173 0.899176 0.207400 0.201648 
0 0.385308 0.901339 0.228965 0.197323 
0 0.141218 0.898563 0.240373 0.202874 
0 0.813216 0.774568 0.206507 0.234576 
0 0.966925 0.776020 0.066151 0.237415 
0 0.887156 0.560048 0.223983 0.197072 
0 0.621807 0.676748 0.195481 0.221530 
0 0.408356 0.647410 0.215805 0.229238 
0 0.197669 0.693610 0.221713 0.235875 
0 0.049484 0.684663 0.098969 0.230086 
0 0.078123 0.502970 0.156245 0.216302 
0 0.216437 0.390673 0.221453 0.230824 
0 0.438890 0.417572 0.219379 0.232324 
0 0.650913 0.500957 0.203617 0.221622 
0 0.862340 0.410551 0.216357 0.197596 
0 0.776954 0.223171 0.266997 0.203763 
0 0.532843 0.217768 0.203895 0.212546 
0 0.295576 0.169696 0.258742 0.230482 
0 0.069852 0.155708 0.136723 0.238258 
0 0.403267 0.032125 0.195508 0.064250 
0 0.599122 0.056000 0.179109 0.112000 
0 0.813491 0.075951 0.245729 0.151902 
0 0.095890 0.050127 0.191780 0.091521 
