1 0.766279 0.789397 0.399314 0.409976 
0 0.547150 0.938000 0.191715 0.124000 
0 0.344979 0.916888 0.219666 0.166225 
0 0.203887 0.834889 0.224361 0.293202 
0 0.108063 0.661213 0.216125 0.245781 
0 0.081082 0.962074 0.162164 0.075853 
0 0.208665 0.497292 0.196581 0.210039 
0 0.650844 0.494693 0.235084 0.227945 
0 0.902524 0.542498 0.194951 0.274697 
0 0.046386 0.328510 0.092772 0.214720 
0 0.209081 0.274373 0.221309 0.235304 
0 0.419647 0.335178 0.213686 0.226761 
0 0.500542 0.152348 0.188830 0.180788 
0 0.738400 0.280836 0.214839 0.253056 
0 0.957846 0.263927 0.084308 0.230442 
0 0.799227 0.071871 0.223127 0.143743 
0 0.037319 0.084955 0.074637 0.169911 
0 0.170668 0.071854 0.163622 0.143708 
0 0.355508 0.072695 0.184875 0.145390 
0 0.576894 0.023946 0.163054 0.047892 
