1 0.478978 0.302466 0.384781 0.328438 
0 0.057044 0.950754 0.114087 0.098493 
0 0.098960 0.934404 0.176922 0.131192 
0 0.025723 0.792372 0.051446 0.136446 
0 0.125539 0.748069 0.185637 0.207877 
0 0.292255 0.848568 0.230535 0.228808 
0 0.444071 0.875143 0.202632 0.209462 
0 0.513000 0.892675 0.218010 0.202266 
0 0.688647 0.956648 0.196955 0.086704 
0 0.923251 0.956051 0.153498 0.079768 
0 0.836402 0.847178 0.209832 0.215883 
0 0.925658 0.801873 0.148684 0.200122 
0 0.619797 0.684807 0.182123 0.197070 
0 0.567631 0.568701 0.222255 0.208013 
0 0.856530 0.631483 0.196704 0.195145 
0 0.789366 0.526340 0.201636 0.202552 
0 0.755868 0.419691 0.222885 0.193586 
0 0.773946 0.291661 0.199589 0.188671 
0 0.808548 0.116793 0.236687 0.224867 
0 0.906109 0.116023 0.180454 0.232045 
0 0.028918 0.418883 0.057836 0.201518 
0 0.050273 0.264251 0.100545 0.219455 
0 0.165307 0.445546 0.187231 0.259970 
0 0.247129 0.500253 0.233758 0.203394 
0 0.187394 0.218281 0.185360 0.215874 
0 0.167967 0.052098 0.218358 0.104196 
