1 0.438429 0.457610 0.418052 0.359617 
0 0.272689 0.803437 0.249375 0.251083 
0 0.610529 0.878089 0.259398 0.194145 
0 0.776928 0.913682 0.212765 0.172637 
0 0.890874 0.971075 0.194445 0.057849 
0 0.938337 0.821940 0.123327 0.192463 
0 0.615303 0.711497 0.255690 0.204781 
0 0.045908 0.553558 0.091817 0.228496 
0 0.199987 0.623707 0.220049 0.181885 
0 0.702385 0.564288 0.225285 0.198510 
0 0.947283 0.510107 0.105434 0.247569 
0 0.828050 0.389839 0.233855 0.228020 
0 0.979443 0.308724 0.041115 0.141369 
0 0.939387 0.115569 0.121226 0.212184 
0 0.752981 0.207236 0.185342 0.205490 
0 0.586459 0.212864 0.190922 0.220340 
0 0.465652 0.075881 0.202363 0.151762 
0 0.653872 0.020560 0.167832 0.041119 
0 0.203169 0.221443 0.220802 0.208573 
0 0.064094 0.159060 0.128188 0.228579 
