1 0.443745 0.508753 0.346014 0.409073 
0 0.080725 0.853185 0.161451 0.251458 
0 0.316237 0.953112 0.224841 0.093776 
0 0.579743 0.968202 0.211206 0.063597 
0 0.477747 0.862786 0.253083 0.225052 
0 0.202117 0.833700 0.195982 0.218820 
0 0.373289 0.776256 0.232433 0.197805 
0 0.165353 0.647022 0.231442 0.211004 
0 0.909493 0.881375 0.181013 0.237251 
0 0.803917 0.764995 0.206648 0.229724 
0 0.687397 0.638491 0.223334 0.248278 
0 0.971381 0.636558 0.057237 0.187998 
0 0.959198 0.411739 0.081604 0.209092 
0 0.857801 0.491194 0.221000 0.248260 
0 0.099735 0.457163 0.199470 0.225197 
0 0.020335 0.357492 0.040670 0.160923 
0 0.100939 0.249454 0.195070 0.172888 
0 0.292931 0.291742 0.201333 0.266519 
0 0.654845 0.339082 0.219472 0.200342 
0 0.917185 0.200762 0.165630 0.237427 
0 0.035885 0.088415 0.071770 0.163970 
0 0.128578 0.055236 0.204151 0.110472 
0 0.352573 0.076716 0.215038 0.153432 
0 0.498818 0.129868 0.206309 0.222418 
0 0.719910 0.108985 0.211576 0.205049 
0 0.886886 0.045301 0.174112 0.086735 
