1 0.505202 0.472238 0.366076 0.373723 
0 0.129036 0.940590 0.210421 0.117383 
0 0.085356 0.848172 0.170712 0.219194 
0 0.031067 0.642669 0.062135 0.186750 
0 0.117798 0.727071 0.193576 0.230479 
0 0.328654 0.813108 0.209319 0.225694 
0 0.331838 0.911614 0.192950 0.165800 
0 0.481483 0.957785 0.221197 0.084429 
0 0.729088 0.949498 0.226034 0.101004 
0 0.607394 0.861205 0.196335 0.183211 
0 0.542252 0.768919 0.197960 0.176609 
0 0.938059 0.957389 0.123881 0.083953 
0 0.880517 0.757958 0.158540 0.210137 
0 0.800784 0.788212 0.164353 0.199580 
0 0.796889 0.591012 0.125843 0.168335 
0 0.879646 0.558630 0.169983 0.182879 
0 0.164327 0.480803 0.199136 0.248590 
0 0.024944 0.256580 0.049888 0.163335 
0 0.093543 0.106258 0.187086 0.181292 
0 0.177001 0.083324 0.202624 0.157125 
0 0.312303 0.134844 0.220245 0.219330 
0 0.486955 0.129262 0.206649 0.184289 
0 0.964986 0.798163 0.062373 0.149561 
0 0.614355 0.110915 0.203833 0.202792 
0 0.721630 0.160815 0.209268 0.231250 
0 0.769734 0.300742 0.190639 0.215118 
0 0.871961 0.355763 0.157293 0.193580 
0 0.923850 0.368160 0.152236 0.196905 
0 0.938732 0.154876 0.122536 0.191031 
0 0.844683 0.024610 0.193800 0.049220 
0 0.266462 0.261795 0.186524 0.206186 
