0 0.189993 0.894853 0.245916 0.210295 
0 0.512129 0.966710 0.201119 0.066579 
0 0.831063 0.937521 0.229329 0.124959 
0 0.311256 0.844156 0.227009 0.209452 
0 0.129244 0.700857 0.213353 0.205181 
0 0.085853 0.573651 0.171706 0.239384 
0 0.199014 0.476125 0.214967 0.233272 
0 0.329112 0.635171 0.211270 0.185472 
0 0.559660 0.652777 0.222998 0.218887 
0 0.756616 0.794229 0.251190 0.231626 
0 0.926194 0.727479 0.147612 0.207264 
0 0.806388 0.554024 0.191958 0.200021 
0 0.475200 0.507746 0.232561 0.225181 
0 0.393820 0.379875 0.239480 0.227324 
0 0.028032 0.288992 0.056064 0.179829 
0 0.184781 0.255253 0.204834 0.205336 
0 0.088791 0.103087 0.177582 0.195873 
0 0.663497 0.402715 0.198111 0.208016 
0 0.978452 0.949918 0.043096 0.100163 
0 0.852164 0.335917 0.215331 0.212729 
0 0.924111 0.378863 0.144549 0.238227 
0 0.453150 0.180435 0.207250 0.209151 
0 0.405865 0.091375 0.212036 0.171164 
0 0.584937 0.038584 0.202054 0.072145 
0 0.679915 0.181511 0.236344 0.220765 
0 0.805330 0.111943 0.224758 0.220532 
0 0.912741 0.068781 0.168466 0.137562 
