1 0.283042 0.344827 0.342649 0.432061 
0 0.078642 0.896473 0.157285 0.207053 
0 0.191290 0.955287 0.183418 0.089425 
0 0.388412 0.972896 0.186562 0.054207 
0 0.843272 0.968338 0.220789 0.063324 
0 0.314154 0.860232 0.217689 0.172610 
0 0.510809 0.841522 0.187654 0.216099 
0 0.735742 0.869799 0.232724 0.198809 
0 0.091066 0.673482 0.182132 0.205882 
0 0.314916 0.667779 0.248903 0.193621 
0 0.563799 0.715940 0.218327 0.184047 
0 0.839091 0.735701 0.212928 0.203037 
0 0.975660 0.690796 0.048681 0.165776 
0 0.728586 0.559021 0.244103 0.201152 
0 0.041465 0.480561 0.082930 0.186954 
0 0.051695 0.262855 0.103390 0.194053 
0 0.129254 0.076797 0.189491 0.153594 
0 0.354286 0.066248 0.211215 0.129166 
0 0.942003 0.536083 0.115994 0.170664 
0 0.847104 0.378030 0.237356 0.229284 
0 0.758691 0.292808 0.224101 0.214447 
0 0.586338 0.146528 0.196977 0.206987 
0 0.766968 0.101384 0.254466 0.180987 
0 0.975578 0.321431 0.048844 0.251471 
0 0.952066 0.054831 0.095868 0.109661 
0 0.578620 0.024534 0.134825 0.041855 
