1 0.374885 0.232252 0.393567 0.377907 
0 0.135816 0.903487 0.207097 0.193027 
0 0.224039 0.910469 0.212276 0.179062 
0 0.460669 0.934413 0.261503 0.131174 
0 0.580303 0.932363 0.213637 0.135274 
0 0.836351 0.935624 0.212391 0.128752 
0 0.887531 0.843230 0.215892 0.207899 
0 0.713051 0.788221 0.189499 0.199558 
0 0.814224 0.668927 0.223652 0.211065 
0 0.853974 0.551803 0.228505 0.212435 
0 0.883266 0.448829 0.208647 0.212140 
0 0.447948 0.767098 0.210607 0.198030 
0 0.515156 0.737808 0.197986 0.218763 
0 0.115849 0.717099 0.214848 0.233917 
0 0.194150 0.592394 0.221410 0.201742 
0 0.341722 0.569665 0.212924 0.211052 
0 0.496820 0.490490 0.169347 0.207278 
0 0.667691 0.463934 0.184171 0.212915 
0 0.088809 0.485802 0.175416 0.179089 
0 0.095263 0.363964 0.157849 0.201390 
0 0.087893 0.266942 0.171294 0.206463 
0 0.085843 0.090480 0.171686 0.173121 
0 0.942965 0.241600 0.114070 0.198268 
0 0.784890 0.286728 0.184554 0.222150 
0 0.680240 0.260365 0.171800 0.200690 
0 0.688526 0.142867 0.180507 0.216310 
0 0.885345 0.055291 0.215209 0.110582 
0 0.686780 0.044788 0.168735 0.084449 
