0 0.087791 0.937648 0.175582 0.124703 
0 0.322435 0.949116 0.195710 0.101768 
0 0.441469 0.939375 0.229639 0.121249 
0 0.209792 0.827218 0.202741 0.204187 
0 0.323153 0.753483 0.243706 0.163486 
0 0.101699 0.628006 0.146219 0.176944 
0 0.062394 0.526000 0.124788 0.186152 
0 0.726178 0.889252 0.195720 0.190523 
0 0.802300 0.909057 0.173569 0.181887 
0 0.966069 0.919097 0.060606 0.161807 
0 0.947183 0.876613 0.105634 0.214031 
0 0.847835 0.681571 0.185643 0.210280 
0 0.888798 0.574775 0.171947 0.216383 
0 0.806848 0.351276 0.223250 0.253354 
0 0.957492 0.332187 0.084013 0.235510 
0 0.165531 0.277261 0.199827 0.181066 
0 0.069896 0.119134 0.139793 0.199678 
0 0.257601 0.174733 0.214550 0.178475 
0 0.251145 0.076486 0.200801 0.145207 
0 0.661514 0.022024 0.174602 0.044048 
0 0.941077 0.072568 0.117846 0.145137 
0 0.856643 0.042668 0.141684 0.085336 
0 0.438674 0.018895 0.164859 0.037790 
1 0.438674 0.018895 0.164859 0.037790 
1 0.495492 0.415485 0.396824 0.327010 
