1 0.543711 0.505593 0.345868 0.345520 
0 0.087902 0.950989 0.175803 0.098022 
0 0.236489 0.877722 0.215253 0.203962 
0 0.058904 0.777522 0.117808 0.214949 
0 0.152762 0.787766 0.198536 0.222339 
0 0.449802 0.891453 0.195246 0.217094 
0 0.830384 0.956313 0.224088 0.087373 
0 0.368249 0.714571 0.207969 0.214505 
0 0.587197 0.782600 0.208066 0.212844 
0 0.837463 0.766922 0.211162 0.214544 
0 0.791936 0.661270 0.213223 0.217332 
0 0.825780 0.469146 0.211541 0.209810 
0 0.895394 0.358651 0.209211 0.232442 
0 0.975195 0.684935 0.049610 0.199413 
0 0.227771 0.514040 0.247635 0.239721 
0 0.084053 0.362145 0.168105 0.223876 
0 0.226327 0.283892 0.217028 0.248811 
0 0.411526 0.098775 0.227945 0.190512 
0 0.507608 0.034449 0.203341 0.068899 
0 0.712518 0.030409 0.181414 0.060818 
0 0.872624 0.148570 0.235507 0.211396 
