1 0.653622 0.442313 0.448143 0.413333 
0 0.106544 0.822017 0.213089 0.261650 
0 0.479370 0.823772 0.267193 0.267995 
0 0.829499 0.888660 0.273697 0.217346 
0 0.814533 0.730934 0.257029 0.201375 
0 0.402549 0.643656 0.224147 0.178420 
0 0.192033 0.573132 0.208052 0.222319 
0 0.047625 0.487185 0.095250 0.219147 
0 0.103860 0.346476 0.207720 0.200700 
0 0.407360 0.240341 0.219794 0.212980 
0 0.233067 0.173853 0.210491 0.217930 
0 0.104361 0.103835 0.202715 0.207669 
0 0.899919 0.588700 0.192924 0.199925 
0 0.955513 0.421510 0.088973 0.184902 
0 0.930802 0.227827 0.138396 0.191324 
0 0.786938 0.231134 0.186233 0.215040 
0 0.673833 0.088841 0.226567 0.177682 
0 0.852668 0.030047 0.196019 0.060093 
