1 0.654651 0.227595 0.356275 0.370627 
0 0.385818 0.901069 0.209022 0.197862 
0 0.199175 0.968400 0.185923 0.063200 
0 0.020588 0.916126 0.041176 0.153357 
0 0.046923 0.712329 0.093847 0.217940 
0 0.025465 0.509770 0.050931 0.159619 
0 0.018162 0.364153 0.036323 0.108917 
0 0.030109 0.286973 0.060219 0.160914 
0 0.087463 0.016006 0.149534 0.032012 
0 0.129664 0.149763 0.212717 0.217068 
0 0.170459 0.228905 0.200337 0.213826 
0 0.297243 0.447367 0.215733 0.230222 
0 0.186626 0.471260 0.214791 0.241280 
0 0.199034 0.673368 0.191155 0.192388 
0 0.302367 0.710420 0.215650 0.220190 
0 0.560780 0.935725 0.214306 0.128550 
0 0.872494 0.981863 0.129888 0.030620 
0 0.918894 0.936359 0.162213 0.127281 
0 0.712946 0.822856 0.199567 0.190076 
0 0.832194 0.800495 0.214875 0.207291 
0 0.963906 0.699978 0.067670 0.190367 
0 0.503977 0.591821 0.259953 0.237273 
0 0.602846 0.629289 0.185866 0.241122 
0 0.772678 0.536806 0.214888 0.218543 
0 0.850072 0.522015 0.215645 0.206701 
0 0.930819 0.318540 0.138361 0.224805 
0 0.797049 0.087323 0.196092 0.174645 
0 0.542328 0.026939 0.169272 0.048302 
0 0.950027 0.099345 0.099946 0.198690 
