1 0.466986 0.525457 0.349946 0.354148 
0 0.045131 0.932156 0.090262 0.135688 
0 0.217742 0.921635 0.203407 0.156730 
0 0.274728 0.844569 0.222546 0.219419 
0 0.564667 0.859373 0.211131 0.214870 
0 0.639740 0.982362 0.139401 0.035275 
0 0.780537 0.868218 0.203301 0.216486 
0 0.947074 0.902932 0.105852 0.173271 
0 0.717442 0.710499 0.228350 0.188253 
0 0.075793 0.618890 0.151586 0.249141 
0 0.103628 0.527927 0.192970 0.222824 
0 0.192439 0.475772 0.188412 0.183127 
0 0.258050 0.683937 0.204569 0.244759 
0 0.943610 0.424370 0.112779 0.271037 
0 0.029601 0.210726 0.059201 0.171073 
0 0.063379 0.276230 0.126757 0.260296 
0 0.237387 0.204992 0.205433 0.206225 
0 0.496514 0.261058 0.189134 0.159007 
0 0.730334 0.283974 0.220736 0.144619 
0 0.664917 0.123811 0.223894 0.182506 
0 0.860795 0.197785 0.169801 0.192631 
0 0.944262 0.088534 0.111476 0.160649 
