0 0.128947 0.923252 0.205094 0.153497 
0 0.331211 0.963579 0.223536 0.072842 
0 0.506010 0.863511 0.237652 0.235063 
0 0.791013 0.843381 0.239754 0.207756 
0 0.274456 0.787734 0.235437 0.198982 
0 0.137054 0.737964 0.251855 0.194196 
0 0.269265 0.601517 0.177568 0.146168 
0 0.367137 0.616780 0.258979 0.218946 
0 0.037499 0.580315 0.074998 0.169044 
0 0.098903 0.435048 0.191917 0.211968 
0 0.213934 0.368008 0.191142 0.212259 
0 0.045387 0.272022 0.090774 0.205117 
0 0.100979 0.131693 0.201958 0.194797 
0 0.266174 0.143166 0.153793 0.207214 
0 0.962437 0.901753 0.075126 0.196493 
0 0.941231 0.612231 0.117538 0.244681 
0 0.855858 0.429804 0.213950 0.192920 
0 0.789999 0.592658 0.240670 0.180522 
0 0.806417 0.133086 0.195253 0.180763 
0 0.442434 0.070390 0.162353 0.140780 
0 0.765436 0.040179 0.224607 0.080358 
0 0.934273 0.333601 0.131454 0.194296 
1 0.579210 0.370349 0.396332 0.435134 
