1 0.542128 0.508176 0.377572 0.417669 
0 0.072633 0.962690 0.145267 0.074620 
0 0.384235 0.956166 0.185791 0.087668 
0 0.862916 0.902535 0.232023 0.194929 
0 0.066124 0.718517 0.132249 0.210479 
0 0.233448 0.799042 0.209145 0.182374 
0 0.609047 0.980352 0.176319 0.039296 
0 0.569987 0.867091 0.190459 0.180357 
0 0.651485 0.837012 0.181423 0.207758 
0 0.972555 0.833496 0.054890 0.173456 
0 0.869491 0.499690 0.246477 0.230495 
0 0.951416 0.226551 0.097167 0.268466 
0 0.180185 0.670785 0.215817 0.218649 
0 0.068921 0.480006 0.137842 0.232332 
0 0.233752 0.397682 0.233463 0.216623 
0 0.042062 0.269573 0.084123 0.194630 
0 0.147211 0.150329 0.198858 0.200399 
0 0.248269 0.107514 0.205626 0.170144 
0 0.065499 0.021073 0.130998 0.042145 
0 0.486573 0.157485 0.229672 0.179005 
0 0.441195 0.036508 0.260226 0.060369 
0 0.698743 0.094267 0.226836 0.188535 
0 0.911268 0.050345 0.177464 0.100691 
