1 0.258271 0.323743 0.393091 0.400798 
0 0.072321 0.934232 0.144641 0.131535 
0 0.334440 0.965222 0.210383 0.069555 
0 0.930848 0.921424 0.138304 0.152978 
0 0.535905 0.895447 0.261653 0.198827 
0 0.188949 0.810124 0.232719 0.217081 
0 0.037951 0.727153 0.075901 0.191076 
0 0.087954 0.559955 0.175909 0.204878 
0 0.475164 0.783641 0.241699 0.214927 
0 0.709374 0.852877 0.231072 0.235322 
0 0.882044 0.868194 0.194744 0.177261 
0 0.828154 0.686293 0.228734 0.205582 
0 0.674658 0.552897 0.215967 0.248208 
0 0.462833 0.524955 0.227606 0.187134 
0 0.544651 0.364105 0.223286 0.199787 
0 0.666141 0.261805 0.196995 0.221591 
0 0.901635 0.523609 0.196731 0.151133 
0 0.833991 0.362312 0.220239 0.169946 
0 0.880437 0.265094 0.199897 0.218032 
0 0.491967 0.081926 0.188513 0.156840 
0 0.154775 0.047434 0.123071 0.087162 
