1 0.825945 0.280477 0.343389 0.349110 
0 0.035848 0.890387 0.071695 0.184144 
0 0.084284 0.777604 0.168568 0.230975 
0 0.225215 0.902256 0.189358 0.192045 
0 0.487927 0.948050 0.213813 0.103901 
0 0.458403 0.873705 0.225316 0.203724 
0 0.720377 0.907857 0.209383 0.184285 
0 0.840848 0.921576 0.213245 0.156849 
0 0.915042 0.778088 0.169915 0.209563 
0 0.398415 0.718455 0.239801 0.224863 
0 0.500308 0.668352 0.237872 0.195682 
0 0.641911 0.720450 0.234005 0.222115 
0 0.916245 0.549220 0.167511 0.192393 
0 0.550044 0.468649 0.206776 0.171197 
0 0.647786 0.500694 0.190222 0.180423 
0 0.074686 0.413838 0.149371 0.207723 
0 0.249727 0.472566 0.193938 0.197202 
0 0.353868 0.463573 0.173799 0.204671 
0 0.122884 0.296981 0.195960 0.206798 
0 0.247107 0.267202 0.140466 0.192714 
0 0.177988 0.082806 0.228377 0.165613 
0 0.375073 0.081505 0.193890 0.163010 
0 0.603020 0.090319 0.198607 0.180639 
