1 0.472526 0.688764 0.377550 0.365787 
0 0.159372 0.916696 0.217896 0.166608 
0 0.204385 0.837864 0.193084 0.228531 
0 0.162409 0.712814 0.226725 0.237132 
0 0.019410 0.636639 0.038820 0.181986 
0 0.223834 0.376310 0.195546 0.236599 
0 0.060243 0.282505 0.120486 0.207353 
0 0.078121 0.227694 0.156241 0.190627 
0 0.187425 0.046824 0.228069 0.093649 
0 0.197142 0.101943 0.197854 0.161011 
0 0.878734 0.933032 0.242531 0.133935 
0 0.676603 0.899094 0.212792 0.201813 
0 0.863896 0.642530 0.213760 0.190534 
0 0.774089 0.656188 0.227919 0.232992 
0 0.404495 0.117736 0.198576 0.235472 
0 0.502209 0.097313 0.199633 0.194625 
0 0.898497 0.100470 0.156853 0.200844 
0 0.782137 0.118680 0.246860 0.207115 
0 0.856200 0.305890 0.206349 0.171038 
0 0.750317 0.338225 0.212215 0.197889 
0 0.629148 0.387754 0.220732 0.229487 
0 0.854203 0.420536 0.212245 0.204640 
