1 0.446933 0.443613 0.276177 0.335462 
0 0.090883 0.938150 0.181766 0.123701 
0 0.292773 0.953504 0.201597 0.092993 
0 0.612746 0.963384 0.219644 0.073232 
0 0.403068 0.895150 0.232926 0.202900 
0 0.054877 0.778346 0.109754 0.202962 
0 0.063147 0.605105 0.126295 0.201923 
0 0.329261 0.737920 0.223083 0.225620 
0 0.224726 0.590870 0.190089 0.222978 
0 0.948926 0.818485 0.102148 0.226113 
0 0.843495 0.823972 0.163666 0.298813 
0 0.703922 0.751938 0.224052 0.281778 
0 0.531393 0.595459 0.231156 0.232728 
0 0.735165 0.553413 0.223000 0.210413 
0 0.972427 0.402566 0.055146 0.193062 
0 0.808545 0.376511 0.281567 0.207960 
0 0.858789 0.214676 0.217050 0.174200 
0 0.952271 0.086167 0.095459 0.153220 
0 0.780202 0.072162 0.213791 0.144324 
0 0.569949 0.137945 0.238466 0.197052 
0 0.462904 0.032243 0.213893 0.064486 
0 0.341189 0.184118 0.239937 0.206058 
0 0.055333 0.436130 0.110665 0.197558 
0 0.022061 0.267767 0.044123 0.135583 
0 0.223583 0.060195 0.240342 0.120389 
0 0.106801 0.151186 0.202513 0.235978 
