1 0.496912 0.366543 0.395607 0.430613 
0 0.056880 0.809756 0.113760 0.194766 
0 0.043422 0.684957 0.086845 0.185093 
0 0.351556 0.896348 0.254626 0.207305 
0 0.480300 0.853616 0.213836 0.218408 
0 0.427192 0.723274 0.250305 0.177604 
0 0.201616 0.701808 0.191785 0.221585 
0 0.210493 0.585272 0.158023 0.176725 
0 0.150678 0.493092 0.192427 0.209602 
0 0.068986 0.279892 0.137972 0.233664 
0 0.137366 0.258979 0.143952 0.197829 
0 0.070575 0.075935 0.141149 0.151870 
0 0.368660 0.053655 0.236608 0.107310 
0 0.494492 0.072147 0.230605 0.144294 
0 0.732041 0.067115 0.230036 0.134230 
0 0.929047 0.113824 0.141906 0.227647 
0 0.843732 0.271826 0.197145 0.228217 
0 0.920749 0.495759 0.158502 0.266742 
0 0.804008 0.611415 0.194100 0.224698 
0 0.908283 0.753519 0.183434 0.223035 
0 0.699588 0.937418 0.240291 0.125164 
0 0.953109 0.935401 0.093782 0.127986 
0 0.787096 0.849669 0.198590 0.189036 
