1 0.536574 0.432590 0.307506 0.344604 
0 0.146403 0.886223 0.267704 0.214033 
0 0.377429 0.931564 0.249925 0.136873 
0 0.780081 0.959579 0.222762 0.080842 
0 0.963492 0.901826 0.073016 0.193018 
0 0.797954 0.806557 0.268347 0.210942 
0 0.932742 0.644124 0.134517 0.220833 
0 0.533793 0.792801 0.231799 0.229892 
0 0.047329 0.715830 0.094657 0.186531 
0 0.273984 0.697992 0.211765 0.241558 
0 0.095928 0.613783 0.191855 0.236885 
0 0.436632 0.631727 0.215051 0.212659 
0 0.683224 0.598255 0.186954 0.247886 
0 0.774783 0.590284 0.169246 0.215121 
0 0.925363 0.415102 0.149274 0.225823 
0 0.050627 0.389282 0.101254 0.213333 
0 0.085909 0.236299 0.171818 0.222934 
0 0.235044 0.382304 0.251127 0.245979 
0 0.329906 0.242544 0.218931 0.220177 
0 0.757097 0.287616 0.205041 0.215355 
0 0.169437 0.080664 0.223511 0.159628 
0 0.318967 0.060981 0.238246 0.121961 
0 0.494874 0.025419 0.149556 0.050839 
0 0.814094 0.085301 0.240708 0.170602 
0 0.974825 0.076282 0.050350 0.143783 
0 0.987370 0.290842 0.025261 0.121036 
