1 0.349297 0.634611 0.378360 0.345375 
1 0.226157 0.297547 0.338298 0.347559 
0 0.059276 0.953885 0.118553 0.092231 
0 0.176468 0.921835 0.265035 0.156329 
0 0.481050 0.913631 0.163693 0.172738 
0 0.542575 0.865391 0.168506 0.194176 
0 0.722086 0.953620 0.224999 0.092759 
0 0.903790 0.911742 0.192419 0.176517 
0 0.754413 0.908267 0.223568 0.151776 
0 0.968259 0.730418 0.063482 0.171421 
0 0.712320 0.729242 0.203416 0.199994 
0 0.635287 0.536781 0.185254 0.170545 
0 0.850376 0.563031 0.232530 0.261639 
0 0.913184 0.549150 0.156034 0.214764 
0 0.972894 0.335625 0.054212 0.187077 
0 0.864536 0.387710 0.188592 0.205847 
0 0.624612 0.412116 0.220767 0.180762 
0 0.492835 0.379699 0.228976 0.201064 
0 0.069815 0.561591 0.139630 0.237920 
0 0.039877 0.043960 0.079754 0.087919 
0 0.097896 0.070709 0.195793 0.131130 
0 0.307477 0.034223 0.224021 0.068445 
0 0.508211 0.083366 0.214888 0.166731 
0 0.692278 0.211237 0.210647 0.196387 
0 0.748729 0.158161 0.251880 0.234384 
0 0.866608 0.115226 0.208123 0.204776 
