1 0.395093 0.329204 0.336400 0.355922 
0 0.066430 0.968475 0.132861 0.063050 
0 0.274019 0.974708 0.185140 0.050583 
0 0.033850 0.849783 0.067701 0.167656 
0 0.038787 0.693976 0.077575 0.174689 
0 0.569907 0.971124 0.213069 0.057753 
0 0.914846 0.979253 0.170307 0.041493 
0 0.187764 0.799130 0.200491 0.222555 
0 0.405437 0.882399 0.214888 0.221269 
0 0.721271 0.883154 0.217926 0.209788 
0 0.301341 0.695859 0.195453 0.190627 
0 0.341962 0.607787 0.205468 0.181797 
0 0.749881 0.669825 0.214822 0.205825 
0 0.926415 0.666945 0.137877 0.226787 
0 0.669618 0.647290 0.192569 0.179868 
0 0.080347 0.497598 0.160694 0.198831 
0 0.190398 0.432482 0.123256 0.226012 
0 0.034262 0.335893 0.068525 0.233353 
0 0.087292 0.281598 0.174583 0.197162 
0 0.038393 0.059345 0.076786 0.095067 
0 0.255278 0.109080 0.208731 0.206754 
0 0.341660 0.060974 0.154370 0.121948 
0 0.599779 0.024646 0.249190 0.049293 
0 0.908862 0.090592 0.182277 0.181185 
0 0.828779 0.141880 0.167969 0.228597 
0 0.949624 0.394538 0.100752 0.236942 
0 0.801341 0.432207 0.178824 0.230596 
