1 0.556473 0.479240 0.460863 0.484305 
0 0.053932 0.952379 0.107864 0.095243 
0 0.135455 0.885241 0.200888 0.209832 
0 0.283282 0.897777 0.215222 0.193014 
0 0.484230 0.817853 0.226395 0.216632 
0 0.623771 0.957496 0.242038 0.085008 
0 0.626176 0.822743 0.234331 0.191120 
0 0.868544 0.927100 0.233538 0.145800 
0 0.021821 0.685485 0.043643 0.161169 
0 0.121442 0.680661 0.183950 0.181467 
0 0.836790 0.593547 0.188068 0.210383 
0 0.905818 0.644194 0.183748 0.206291 
0 0.076509 0.405338 0.153018 0.179212 
0 0.109212 0.353753 0.190186 0.168286 
0 0.247734 0.431599 0.182519 0.213923 
0 0.028339 0.209801 0.056678 0.176499 
0 0.112685 0.167531 0.213399 0.197730 
0 0.102677 0.061000 0.205353 0.117958 
0 0.284861 0.238330 0.167260 0.177803 
0 0.474424 0.154224 0.232635 0.154761 
0 0.880837 0.384301 0.207278 0.194123 
0 0.732550 0.191508 0.224629 0.215623 
0 0.872873 0.167927 0.208683 0.193714 
0 0.978987 0.306929 0.040194 0.156638 
0 0.897671 0.028346 0.204658 0.056691 
