1 0.503065 0.463463 0.252369 0.308409 
0 0.069989 0.953920 0.139978 0.092160 
0 0.128558 0.938782 0.152225 0.122437 
0 0.448307 0.841557 0.231116 0.230984 
0 0.655015 0.887421 0.189565 0.206080 
0 0.477672 0.977320 0.167110 0.041617 
0 0.899083 0.954726 0.196251 0.090548 
0 0.882630 0.863473 0.213214 0.176688 
0 0.817525 0.803688 0.231380 0.165842 
0 0.027157 0.830199 0.054313 0.147134 
0 0.023667 0.654096 0.047333 0.170748 
0 0.154121 0.736762 0.212184 0.220723 
0 0.306335 0.613722 0.210471 0.217261 
0 0.476140 0.745680 0.205195 0.208295 
0 0.799867 0.637126 0.224717 0.212800 
0 0.960852 0.588736 0.078297 0.248939 
0 0.116362 0.505474 0.205525 0.238717 
0 0.256247 0.409201 0.233640 0.189279 
0 0.056755 0.242381 0.113510 0.213791 
0 0.252827 0.261954 0.229178 0.187443 
0 0.128693 0.112720 0.203720 0.189574 
0 0.049590 0.025049 0.096687 0.050099 
0 0.616230 0.326337 0.242289 0.231301 
0 0.824937 0.367223 0.195172 0.214073 
0 0.914622 0.319678 0.166652 0.237581 
0 0.867978 0.154585 0.223299 0.190821 
0 0.941499 0.095686 0.117003 0.185435 
0 0.560067 0.156417 0.215073 0.204138 
0 0.638762 0.107136 0.199558 0.202416 
0 0.344186 0.083174 0.224519 0.158941 
