1 0.539956 0.418381 0.411570 0.397632 
0 0.023589 0.858536 0.047179 0.177710 
0 0.098993 0.697140 0.197986 0.224686 
0 0.180907 0.820682 0.219578 0.207115 
0 0.075359 0.978524 0.150719 0.042951 
0 0.368786 0.978621 0.181387 0.042757 
0 0.416284 0.840304 0.225906 0.218323 
0 0.499042 0.791104 0.216544 0.209268 
0 0.755710 0.880608 0.252391 0.238783 
0 0.956793 0.826603 0.086413 0.229993 
0 0.229482 0.497252 0.200606 0.239343 
0 0.287341 0.617441 0.199681 0.211329 
0 0.775232 0.627682 0.246208 0.254342 
0 0.927378 0.538331 0.145245 0.228069 
0 0.853546 0.252021 0.205754 0.193084 
0 0.866153 0.153037 0.212452 0.190895 
0 0.563872 0.112116 0.236819 0.211347 
0 0.731519 0.041511 0.215469 0.074840 
