1 0.583597 0.654806 0.267312 0.364131 
0 0.121376 0.935763 0.242751 0.128475 
0 0.365802 0.920424 0.212862 0.159152 
0 0.913371 0.890284 0.173258 0.208088 
0 0.375755 0.738475 0.195660 0.188398 
0 0.126286 0.574382 0.215905 0.222326 
0 0.097196 0.468823 0.194392 0.179939 
0 0.337360 0.599797 0.198430 0.238911 
0 0.898682 0.667856 0.202636 0.218913 
0 0.349691 0.417782 0.225136 0.230143 
0 0.248126 0.319020 0.210960 0.201465 
0 0.103500 0.284676 0.201443 0.193489 
0 0.048452 0.117049 0.096903 0.174117 
0 0.235505 0.103309 0.222524 0.194286 
0 0.433706 0.203372 0.227941 0.211193 
0 0.543748 0.438031 0.208727 0.175790 
0 0.739693 0.487872 0.189442 0.208471 
0 0.903555 0.455983 0.192890 0.221322 
0 0.642171 0.270165 0.199012 0.195647 
0 0.500183 0.053437 0.205323 0.106874 
0 0.624236 0.126896 0.179049 0.210123 
0 0.824963 0.307913 0.144148 0.190235 
0 0.944145 0.260257 0.111709 0.206771 
0 0.808840 0.085440 0.197488 0.163420 
0 0.959183 0.072867 0.081635 0.140088 
