0 0.676873 0.867750 0.218800 0.229010 
0 0.242755 0.925836 0.190878 0.148328 
0 0.387774 0.886015 0.247890 0.203385 
0 0.084023 0.732809 0.159368 0.240816 
0 0.894358 0.925095 0.205203 0.149809 
0 0.869938 0.694517 0.260123 0.234298 
0 0.818574 0.515140 0.217806 0.218198 
0 0.634330 0.517027 0.167326 0.255857 
0 0.920389 0.330315 0.159222 0.274727 
0 0.733201 0.273465 0.207423 0.275634 
0 0.561465 0.288055 0.213399 0.260110 
0 0.109621 0.228461 0.219242 0.246522 
0 0.074230 0.081710 0.148460 0.153128 
0 0.345607 0.197715 0.231444 0.179341 
0 0.391318 0.067430 0.235223 0.134859 
0 0.650856 0.027567 0.166984 0.055134 
0 0.801823 0.083964 0.205500 0.167928 
0 0.934777 0.057960 0.126199 0.115920 
1 0.328968 0.499756 0.427609 0.439218 
