1 0.513020 0.462415 0.330173 0.346978 
0 0.264812 0.887870 0.244570 0.221802 
0 0.733111 0.915241 0.241738 0.169448 
0 0.935820 0.951676 0.128360 0.096648 
0 0.889962 0.796397 0.209445 0.231270 
0 0.435582 0.745962 0.239708 0.230685 
0 0.668682 0.711244 0.232015 0.257544 
0 0.794189 0.564638 0.239818 0.230786 
0 0.259446 0.575073 0.200192 0.231310 
0 0.033571 0.460638 0.067142 0.197338 
0 0.118178 0.302895 0.203856 0.232182 
0 0.040994 0.175570 0.081987 0.194916 
0 0.062507 0.039956 0.125013 0.079913 
0 0.194297 0.102054 0.204600 0.201104 
0 0.353571 0.292804 0.261952 0.241804 
0 0.615965 0.150860 0.258610 0.250414 
0 0.747001 0.331815 0.238109 0.232922 
0 0.869356 0.147533 0.218490 0.250771 
