1 0.352256 0.625859 0.599788 0.411508 
0 0.116106 0.752981 0.232213 0.192459 
0 0.025796 0.587642 0.049980 0.191314 
0 0.897099 0.955582 0.205803 0.088835 
0 0.669352 0.968658 0.232332 0.062685 
0 0.554516 0.898629 0.239439 0.198963 
0 0.718283 0.734972 0.212629 0.245477 
0 0.884292 0.726049 0.213439 0.235657 
0 0.964650 0.597099 0.070700 0.168409 
0 0.877893 0.478265 0.241122 0.228240 
0 0.160258 0.340440 0.215518 0.184087 
0 0.425651 0.301699 0.225290 0.216165 
0 0.560437 0.269844 0.190622 0.228941 
0 0.787611 0.296375 0.219353 0.203306 
0 0.157023 0.031149 0.228003 0.062297 
0 0.153343 0.133916 0.262542 0.183268 
0 0.312042 0.179152 0.210356 0.206036 
0 0.524849 0.075897 0.195194 0.151793 
0 0.771980 0.066435 0.255980 0.132870 
0 0.755734 0.149979 0.246556 0.173355 
