1 0.566212 0.796992 0.374022 0.328094 
0 0.061329 0.781776 0.122657 0.249450 
0 0.217957 0.788415 0.165613 0.213985 
0 0.332238 0.812808 0.146103 0.225153 
0 0.942664 0.927684 0.114673 0.144633 
0 0.859963 0.770060 0.202865 0.226378 
0 0.939398 0.602192 0.121204 0.264630 
0 0.277903 0.574714 0.234428 0.211867 
0 0.078281 0.330083 0.156563 0.227668 
0 0.201874 0.380714 0.238039 0.213531 
0 0.461620 0.407754 0.214822 0.203068 
0 0.840317 0.377642 0.216685 0.220512 
0 0.675612 0.237669 0.219644 0.230218 
0 0.687540 0.053012 0.207309 0.106024 
0 0.503103 0.124218 0.186078 0.186861 
0 0.304562 0.072089 0.224198 0.144179 
0 0.091625 0.088531 0.183250 0.177063 
0 0.469761 0.030471 0.171562 0.053763 
