1 0.452770 0.477705 0.281325 0.350096 
0 0.095150 0.954263 0.190301 0.091473 
0 0.057226 0.813119 0.114453 0.211224 
0 0.078088 0.638705 0.156175 0.219164 
0 0.059917 0.475812 0.119834 0.217204 
0 0.025129 0.306216 0.050257 0.166995 
0 0.052265 0.047776 0.104531 0.095551 
0 0.118764 0.187493 0.203671 0.231490 
0 0.234553 0.631720 0.193696 0.223973 
0 0.308244 0.971987 0.212871 0.056026 
0 0.414816 0.912378 0.233908 0.175244 
0 0.346758 0.770337 0.223462 0.214804 
0 0.624269 0.981466 0.178798 0.037068 
0 0.951804 0.851278 0.096392 0.234688 
0 0.859179 0.856902 0.166066 0.286196 
0 0.712558 0.789479 0.228844 0.291295 
0 0.539076 0.630575 0.223004 0.242619 
0 0.745169 0.585993 0.219411 0.226329 
0 0.975829 0.448510 0.048341 0.172104 
0 0.817589 0.411325 0.290943 0.210202 
0 0.872142 0.251880 0.228923 0.181335 
0 0.954939 0.099228 0.090121 0.195533 
0 0.789439 0.094323 0.219864 0.186329 
0 0.577810 0.171875 0.246613 0.206701 
0 0.468997 0.051889 0.224880 0.103778 
0 0.231385 0.081963 0.238876 0.163926 
0 0.350431 0.221998 0.246354 0.209383 
