1 0.530037 0.348940 0.429234 0.399226 
0 0.100565 0.858422 0.201130 0.220023 
0 0.323177 0.786037 0.252523 0.207890 
0 0.435351 0.962831 0.184417 0.074338 
0 0.609302 0.880364 0.228293 0.239272 
0 0.852901 0.975479 0.275833 0.049042 
0 0.867855 0.784973 0.203006 0.218067 
0 0.138806 0.646705 0.198430 0.205895 
0 0.552124 0.640649 0.228958 0.208722 
0 0.706333 0.626572 0.208722 0.203530 
0 0.316842 0.535031 0.231697 0.247459 
0 0.104339 0.399880 0.208678 0.229614 
0 0.814680 0.426878 0.222969 0.228624 
0 0.176849 0.226582 0.217116 0.329953 
0 0.365987 0.061628 0.170831 0.123256 
0 0.490985 0.068771 0.244830 0.137542 
0 0.746279 0.113237 0.226113 0.212294 
0 0.037567 0.221850 0.068273 0.210893 
