1 0.694918 0.676103 0.387397 0.376418 
0 0.158828 0.933882 0.213214 0.132236 
0 0.256762 0.855982 0.233375 0.214509 
0 0.429613 0.861000 0.166405 0.250053 
0 0.938222 0.553333 0.114871 0.245574 
0 0.628635 0.912785 0.213796 0.172386 
0 0.801479 0.942001 0.159901 0.114184 
0 0.905763 0.953922 0.183285 0.092156 
0 0.069780 0.775529 0.139559 0.200430 
0 0.057711 0.652711 0.115422 0.211647 
0 0.098323 0.472936 0.196647 0.202495 
0 0.403753 0.421692 0.213404 0.235709 
0 0.821502 0.411438 0.231759 0.174843 
0 0.687271 0.373082 0.176887 0.186985 
0 0.219490 0.305841 0.213157 0.192626 
0 0.036883 0.233626 0.073765 0.202235 
0 0.140513 0.087924 0.281025 0.175847 
0 0.324681 0.112803 0.256844 0.225607 
0 0.587950 0.171849 0.206956 0.228579 
0 0.822814 0.223678 0.262120 0.202059 
0 0.767398 0.062700 0.218578 0.120477 
0 0.938070 0.133429 0.121059 0.249146 
