1 0.396008 0.542105 0.290685 0.349261 
0 0.409778 0.900318 0.244941 0.199365 
0 0.622573 0.731544 0.200531 0.215031 
0 0.933863 0.878970 0.132275 0.239553 
0 0.839329 0.749421 0.234475 0.256090 
0 0.875100 0.520821 0.222478 0.178202 
0 0.635039 0.483322 0.212082 0.263118 
0 0.859842 0.331771 0.262357 0.214365 
0 0.465261 0.182678 0.213075 0.300576 
0 0.656425 0.147357 0.188425 0.291369 
0 0.856487 0.125841 0.224534 0.240989 
0 0.321445 0.034019 0.207405 0.068038 
0 0.545038 0.978256 0.176160 0.043488 
