1 0.419429 0.257480 0.242738 0.316406 
0 0.268496 0.914849 0.236366 0.159223 
0 0.216282 0.821389 0.238722 0.195097 
0 0.495466 0.884054 0.216438 0.207291 
0 0.903251 0.978870 0.159615 0.042260 
0 0.768591 0.842993 0.237515 0.247384 
0 0.397352 0.662387 0.211858 0.216147 
0 0.178029 0.631912 0.217002 0.198849 
0 0.124577 0.503913 0.193163 0.227835 
0 0.021484 0.372289 0.042969 0.242659 
0 0.130796 0.339562 0.192987 0.233952 
0 0.295501 0.384400 0.204543 0.249582 
0 0.226609 0.136866 0.184237 0.253510 
0 0.084731 0.120733 0.161896 0.207009 
0 0.948032 0.660594 0.103936 0.197334 
0 0.920276 0.443124 0.159447 0.221357 
0 0.744169 0.482008 0.187711 0.209515 
0 0.675136 0.360560 0.226778 0.237334 
0 0.859241 0.221267 0.219485 0.229562 
0 0.559675 0.044966 0.239585 0.089932 
0 0.580111 0.107277 0.219208 0.154678 
0 0.795329 0.066774 0.219278 0.122732 
