1 0.772033 0.409005 0.378646 0.355372 
0 0.073651 0.892527 0.147301 0.214945 
0 0.415401 0.969574 0.195674 0.060853 
0 0.555958 0.938218 0.245609 0.123564 
0 0.916533 0.977952 0.166934 0.044096 
0 0.825533 0.885959 0.222683 0.190966 
0 0.976860 0.818247 0.046280 0.238048 
0 0.201020 0.768681 0.206437 0.209854 
0 0.376707 0.812447 0.249450 0.227091 
0 0.618735 0.788957 0.191441 0.169585 
0 0.051702 0.572931 0.103403 0.229192 
0 0.211473 0.545611 0.187689 0.196140 
0 0.331536 0.479533 0.197818 0.213664 
0 0.449507 0.686034 0.193485 0.155211 
0 0.762679 0.734172 0.197206 0.136706 
0 0.496420 0.506991 0.150243 0.180062 
0 0.975849 0.523079 0.044981 0.134499 
0 0.045864 0.359194 0.091729 0.173284 
0 0.234615 0.281437 0.211655 0.173738 
0 0.149180 0.200007 0.220745 0.191622 
0 0.486473 0.254855 0.229597 0.293876 
0 0.378014 0.075773 0.223563 0.151547 
